0 0 68 28 99
0 0 237 62 85
0 0 162 80 5
0 0 71 85 170
0 0 11 22 51
0 0 233 73 104
0 0 29 51 -144
0 0 274 63 -46
0 0 220 21 -78
0 0 27 70 -95
0 0 75 38 120
0 0 219 58 69
0 0 79 4 139
0 0 209 88 87
0 0 75 28 126
0 0 215 67 72
0 0 212 67 178
0 0 302 88 23
0 0 175 51 41
0 0 56 59 132
0 0 177 29 66
0 0 24 64 103
0 0 205 19 -98
0 0 33 72 -87
0 0 36 9 85
0 0 222 81 91
0 0 6 24 59
0 0 219 69 103
0 0 307 29 15
0 0 203 83 119
0 0 29 27 79
0 0 221 64 95
0 0 50 29 110
0 0 207 63 79
0 0 15 25 63
0 0 225 68 102
0 0 144 88 -1
0 0 234 89 -178
0 0 185 19 -140
0 0 57 78 -76
0 0 327 11 27
0 0 211 85 100
0 0 5 13 98
0 0 177 77 88
0 0 38 33 83
0 0 227 57 95
0 0 347 23 65
0 0 193 69 100
0 0 27 16 73
0 0 225 75 95
0 0 33 13 56
0 0 248 79 98
0 0 27 18 81
0 0 217 72 93
0 0 332 47 2
0 0 240 88 137
0 0 161 12 -132
0 0 23 81 -82
0 0 329 29 1
0 0 238 89 119
0 0 35 14 78
0 0 228 77 93
0 0 193 62 25
0 0 91 68 150
0 0 337 40 36
0 0 218 68 124
0 0 28 15 68
0 0 230 76 96
0 0 19 33 62
0 0 231 61 107
0 0 207 62 -166
0 0 111 78 -29
0 0 43 32 111
0 0 198 60 77
0 0 94 67 159
0 0 192 71 25
0 0 46 36 110
0 0 202 56 76
0 0 336 47 20
0 0 232 75 135
0 0 214 64 -172
0 0 120 83 -26
0 0 349 41 28
0 0 237 72 127
0 0 348 46 48
0 0 221 58 125
0 0 322 83 -2
0 0 52 88 -173
0 0 25 31 79
0 0 218 59 97
0 0 7 15 46
0 0 232 79 101
0 0 12 29 -84
0 0 185 61 -93
0 0 60 59 161
0 0 160 74 33
0 0 63 8 118
0 0 215 83 86
0 0 32 17 99
0 0 203 73 87
0 0 257 33 -48
0 0 30 66 -114
0 0 51 30 89
0 0 232 60 91
0 0 9 37 65
0 0 220 57 108
0 0 33 14 85
0 0 218 76 91
0 0 9 17 58
0 0 222 75 99
0 0 36 30 88
0 0 218 60 91
0 0 64 29 123
0 0 207 66 73
0 0 79 44 101
0 0 244 47 80
0 0 34 35 94
0 0 209 55 87
0 0 1 21 49
0 0 225 75 104
0 0 57 20 103
0 0 224 70 85
0 0 1 21 49
0 0 225 75 104
0 0 57 20 103
0 0 224 70 85
0 0 47 13 97
0 0 220 77 88
0 0 284 37 -45
0 0 53 65 -118
0 0 55 29 99
0 0 225 61 85
0 0 79 38 106
0 0 239 54 78
0 0 67 11 112
0 0 224 80 86
0 0 129 37 -97
0 0 318 53 -85
0 0 322 39 -55
0 0 100 59 -115
0 0 31 31 79
0 0 224 59 97
0 0 41 24 83
0 0 228 66 93
0 0 27 23 70
0 0 228 68 98
0 0 299 38 -110
0 0 144 55 -75
0 0 61 20 99
0 0 232 70 87
0 0 342 58 8
0 0 248 83 147
0 0 300 35 92
0 0 117 55 88
0 0 35 27 89
0 0 217 63 91
0 0 67 39 122
0 0 209 58 67
0 0 70 46 148
0 0 183 68 48
0 0 74 81 -171
0 0 343 81 -10
0 0 78 55 174
0 0 172 85 35
0 0 97 38 96
0 0 270 52 86
0 0 44 27 105
0 0 207 63 82
0 0 68 27 116
0 0 219 66 78
0 0 67 38 -88
0 0 244 52 -92
0 0 42 20 73
0 0 240 71 96
0 0 47 29 92
0 0 225 61 89
0 0 56 28 98
0 0 227 62 86
0 0 83 37 115
0 0 233 57 73
0 0 38 18 81
0 0 227 72 93
0 0 40 20 89
0 0 222 70 90
0 0 340 55 16
0 0 241 77 144
0 0 281 29 91
0 0 100 61 89
0 0 46 24 73
0 0 245 67 98
0 0 74 19 129
0 0 214 75 78
0 0 43 27 101
0 0 210 64 84
0 0 25 13 77
0 0 219 77 93
0 0 51 28 115
0 0 202 65 77
0 0 28 16 71
0 0 228 75 95
0 0 7 32 45
0 0 236 68 114
0 0 57 13 106
0 0 221 77 86
0 0 31 15 75
0 0 226 75 94
0 0 45 21 91
0 0 224 69 89
0 0 30 25 66
0 0 236 67 101
0 0 34 32 86
0 0 219 58 92
0 0 69 74 -164
0 0 335 75 -16
0 0 42 19 84
0 0 229 71 92
0 0 107 15 118
0 0 257 77 83
0 0 44 28 107
0 0 205 64 81
0 0 20 8 65
0 0 225 83 93
0 0 76 45 149
0 0 189 69 50
0 0 347 50 19
0 0 245 76 138
0 0 6 19 43
0 0 235 77 104
0 0 33 31 81
0 0 223 59 96
0 0 88 31 113
0 0 242 61 77
0 0 243 33 -85
0 0 57 57 -93
0 0 68 11 112
0 0 226 80 86
0 0 38 19 85
0 0 224 71 92
0 0 40 11 91
0 0 219 79 90
0 0 339 70 -9
0 0 72 82 -159
0 0 26 20 70
0 0 228 71 97
0 0 177 69 19
0 0 80 72 157
0 0 52 24 93
0 0 228 66 89
0 0 18 29 67
0 0 224 64 102
0 0 68 33 123
0 0 210 63 71
0 0 55 10 87
0 0 238 80 91
0 0 59 8 107
0 0 221 83 88
0 0 171 35 17
0 0 67 80 124
0 0 47 38 120
0 0 190 58 69
0 0 49 16 94
0 0 225 74 89
0 0 279 3 -25
0 0 34 89 -92
0 0 38 16 78
0 0 231 74 93
0 0 69 51 153
0 0 177 69 42
0 0 33 29 91
0 0 212 61 90
0 0 75 69 -178
0 0 345 89 -21
0 0 84 47 148
0 0 196 67 48
0 0 51 20 95
0 0 226 70 88
0 0 67 38 99
0 0 235 53 83
0 0 49 25 94
0 0 225 65 88
0 0 20 31 64
0 0 230 63 105
0 0 71 47 138
0 0 192 60 51
0 0 77 5 119
0 0 228 85 87
0 0 47 30 110
0 0 204 62 79
0 0 9 29 53
0 0 230 68 108
0 0 63 39 140
0 0 186 66 58
0 0 64 41 133
0 0 192 61 59
0 0 51 17 96
0 0 225 74 88
0 0 43 26 97
0 0 215 65 87
0 0 36 15 78
0 0 228 75 93
0 0 62 18 106
0 0 225 73 85
0 0 39 28 93
0 0 216 62 89
0 0 62 18 106
0 0 225 73 85
0 0 39 28 93
0 0 216 62 89
0 0 18 33 27
0 0 265 75 120
0 0 58 41 128
0 0 193 59 62
0 0 45 23 90
0 0 226 67 90
0 0 29 18 74
0 0 225 73 95
0 0 353 57 15
0 0 254 77 146
0 0 346 48 20
0 0 243 76 136
0 0 23 19 70
0 0 224 72 97
0 0 33 29 88
0 0 215 61 91
0 0 275 41 -56
0 0 53 57 -116
0 0 66 19 119
0 0 216 74 81
0 0 54 31 97
0 0 225 60 86
0 0 34 25 82
0 0 223 65 94
0 0 71 19 87
0 0 254 71 91
0 0 58 29 124
0 0 201 66 73
0 0 236 44 -170
0 0 139 83 -47
0 0 226 17 33
0 0 105 81 104
0 0 26 24 81
0 0 215 66 94
0 0 83 48 159
0 0 188 75 44
0 0 23 7 66
0 0 227 84 93
0 0 136 72 0
0 0 46 90 162
0 0 58 26 114
0 0 212 66 79
0 0 23 29 70
0 0 226 63 101
0 0 66 5 115
0 0 221 85 88
0 0 45 24 93
0 0 221 66 89
0 0 31 12 77
0 0 224 78 93
0 0 39 42 -84
0 0 212 48 -95
0 0 225 34 -83
0 0 37 56 -95
0 0 31 27 80
0 0 222 64 95
0 0 61 37 132
0 0 193 64 64
0 0 161 41 146
0 0 278 69 54
0 0 23 8 65
0 0 228 83 93
0 0 43 25 92
0 0 221 65 89
0 0 8 32 56
0 0 226 64 109
0 0 88 61 167
0 0 185 78 30
0 0 28 27 82
0 0 217 63 94
0 0 206 35 100
0 0 14 56 83
0 0 51 29 52
0 0 272 67 109
0 0 48 28 111
0 0 204 64 79
0 0 25 9 65
0 0 231 82 94
0 0 34 29 73
0 0 233 63 99
0 0 58 23 103
0 0 224 68 85
0 0 29 11 80
0 0 220 79 92
0 0 52 19 110
0 0 211 72 83
0 0 51 14 100
0 0 221 77 88
0 0 23 19 74
0 0 220 72 95
0 0 34 20 86
0 0 219 70 92
0 0 58 17 107
0 0 220 73 85
0 0 57 20 106
0 0 221 71 84
0 0 46 27 90
0 0 226 63 90
0 0 213 62 -175
0 0 121 86 -28
0 0 28 18 74
0 0 224 73 95
0 0 61 20 108
0 0 222 71 83
0 0 37 7 88
0 0 219 83 90
0 0 68 30 103
0 0 232 61 83
0 0 56 21 97
0 0 229 69 87
0 0 50 18 100
0 0 220 73 87
0 0 33 11 86
0 0 217 80 91
0 0 42 16 89
0 0 223 74 90
0 0 36 14 81
0 0 225 76 92
0 0 26 11 64
0 0 233 81 95
0 0 36 9 83
0 0 223 81 91
0 0 39 26 91
0 0 218 64 90
0 0 34 19 76
0 0 228 72 95
0 0 23 31 65
0 0 231 62 104
0 0 59 21 104
0 0 225 69 85
0 0 245 21 -70
0 0 44 70 -97
0 0 241 18 -56
0 0 25 75 -100
0 0 57 25 96
0 0 231 65 87
0 0 36 27 94
0 0 212 63 88
0 0 191 11 -129
0 0 50 82 -83
0 0 188 64 -178
0 0 98 88 -27
0 0 29 24 77
0 0 223 67 96
0 0 33 23 69
0 0 236 69 99
0 0 201 56 -171
0 0 107 83 -34
