96.24	3.18	19 338 28 99 147 62 85	3.31585456071	0.808863363332	96.9032439092	2.71574435202
97.6	3.9	48 72 80 5 341 85 170	4.68479156629	0.110952938745	97.690999635	3.83622455609
96.85	1.92	15 281 22 51 143 73 104	2.6337981438	-0.41333572227	96.5113370235	2.15727433977
96.34	1.64	19 299 51 -144 184 63 -46	2.1119150695	-0.156637892815	96.2116633486	1.72988535188
96.99	3.6	80 130 21 -78 297 70 -95	4.08954596555	0.436835081434	97.3482468172	3.34909024082
97.48	1.86	45 345 38 120 129 58 69	2.94631830777	-0.963257744859	96.6908696354	2.41318095392
97.16	1.87	15 349 4 139 119 88 87	2.77077846956	-0.695706214847	96.5900198803	2.26944320334
95.92	2.66	51 345 28 126 125 67 72	2.7065352814	0.772335633594	96.5531164729	2.21683700457
97.52	4.02	15 122 67 178 212 88 23	4.73712717085	0.245230585459	97.7211533612	3.87904842612
97.36	3.44	33 85 51 41 326 59 132	4.17069435268	0.0426283680921	97.3949522904	3.41550750277
97.49	3.64	35 87 29 66 294 64 103	4.408936752	0.0513547118696	97.5321120398	3.6104877511
97.56	3.04	57 115 19 -98 303 72 -87	3.95806689881	-0.350642699477	97.2725865937	3.2414742948
95.92	2.85	15 306 9 85 132 81 91	2.86218968901	0.881316172554	96.6425341461	2.34429459877
96	2.63	37 276 24 59 129 69 103	2.72780427525	0.68966717506	96.5653337913	2.23425344286
97.3	4.33	163 217 29 15 113 83 119	4.86478956121	0.602926834541	97.7947203218	3.98350429756
95.63	2.78	29 299 27 79 131 64 95	2.63870072366	1.07845695011	96.5141529102	2.161288979
95.62	2.91	49 320 29 110 117 63 79	2.73949898052	1.16118147734	96.5720515779	2.2438297865
95.72	2.85	35 285 25 63 135 68 102	2.74761380099	1.04495356212	96.5767130238	2.25047468228
97.78	3.43	23 54 88 -1 144 89 -178	4.40346296778	-0.306206773795	97.5289600505	3.60600817218
97.12	3.04	61 95 19 -140 327 78 -76	3.70563094834	0.0089853885189	97.1273658396	3.03483919096
96.32	3.08	24 237 11 27 121 85 100	3.27977923451	0.686063890166	96.8825067494	2.68620870739
97.26	4.56	166 275 13 98 87 77 88	5.03016792478	0.767682154832	97.8900494054	4.11881035724
96.28	1.22	20 308 33 83 137 57 95	1.73352688169	-0.348531190115	95.9944730914	1.41997930023
97.85	2.01	46 257 23 65 103 69 100	3.28162665074	-1.17971005575	96.8835686741	2.68772123531
95.99	2.65	23 297 16 73 135 75 95	2.73845685597	0.709322385078	96.571452947	2.2429764321
96.05	2.89	27 303 13 56 158 79 98	2.96944114242	0.797906169467	96.704155545	2.43211413876
95.74	2.86	31 297 18 81 127 72 93	2.76726427464	1.03432371497	96.5880011419	2.26656559262
96.11	2.51	41 242 47 2 150 88 137	2.69255495422	0.530817264225	96.5450860612	2.20538894666
97.54	4.07	140 71 12 -132 293 81 -82	4.78951154721	0.257637824891	97.7513382486	3.9219111312
95.76	2.77	20 239 29 1 148 89 119	2.70498034486	0.966346291744	96.5522232988	2.21556371724
96.38	1.85	29 305 14 78 138 77 93	2.30683727824	-0.0688654502872	96.3235732379	1.88952038012
97.57	4.74	15 103 62 25 1 68 150	5.35503251094	0.618193587141	98.0774065859	4.38456831019
96.12	2.16	39 247 40 36 128 68 124	2.4116168872	0.321824218128	96.3837383169	1.97532857604
95.42	2.54	26 298 15 68 140 76 96	2.32173294218	1.11270765972	96.3321260486	1.90171916186
96.33	2.74	58 289 33 62 141 61 107	3.00703809303	0.482791095428	96.7257587841	2.46289858052
96.76	4.52	12 117 62 -166 21 78 -29	4.71121726113	1.15282242542	97.7062247058	3.85784764612
95.43	2.42	37 313 32 111 108 60 77	2.22913028286	1.03571691077	96.2789572702	1.82588167624
95.98	2.68	35 4 67 159 102 71 25	2.75730160145	0.734713638929	96.582278102	2.25840760778
97.42	1.37	31 316 36 110 112 56 76	2.51069261692	-1.1956259554	96.4406339071	2.05646363748
96.21	2.69	60 246 47 20 142 75 135	2.89730574826	0.552271206498	96.6627092373	2.37304860244
96.72	4.14	16 124 64 -172 30 83 -26	4.37707593336	0.967407316931	97.5137659428	3.5844136714
95.51	2.13	40 259 41 28 147 72 127	2.03736287256	0.803931041695	96.1688660748	1.66882772053
95.05	2.09	12 258 46 48 131 58 125	1.74096420175	1.15760744303	95.9987414207	1.42607079682
95.17	2.19	12 232 83 -2 322 88 -173	1.89167768882	1.11668911913	96.0852419325	1.54951010807
95.19	2.32	45 295 31 79 128 59 97	2.00967157457	1.17484745066	96.1529703499	1.64614853817
95.51	2.53	27 277 15 46 142 79 101	2.36510196404	1.03331029155	96.3570284183	1.93723591545
95.49	2.77	40 282 29 -84 95 61 -93	2.55031144418	1.18728916424	96.4633871661	2.08890771079
95.12	2.26	16 330 59 161 70 74 33	1.92039257786	1.19775713418	96.1017236774	1.57302815645
97.07	1.67	26 333 8 118 125 83 86	2.55536822217	-0.736912325534	96.4662913623	2.09304871023
96.39	2.39	30 302 17 99 113 73 87	2.75479593858	0.232852589792	96.5808387385	2.25635582965
95.99	2.62	23 167 33 -48 300 66 -114	2.7138817942	0.692113182061	96.5573364182	2.22285281945
97.37	1.72	47 321 30 89 142 60 91	2.76853938972	-0.953682362883	96.5887336341	2.26760972535
97.02	1.86	58 279 37 65 130 57 108	2.6822327029	-0.58689503767	96.5391569569	2.19693634625
96.85	1.38	26 303 14 85 128 76 91	2.19163314428	-0.723351572043	96.2574291855	1.79517272625
96.84	1.45	27 279 17 58 132 75 99	2.24321435262	-0.674980978923	96.2870434912	1.83741600989
97.18	2.29	54 306 30 88 128 60 91	3.12609818482	-0.47084933369	96.7941774596	2.56038284104
97.08	1.03	31 334 29 123 117 66 73	2.03704656725	-1.11256315471	96.168684503	1.6685686671
96.91	1.14	37 349 44 101 154 47 80	2.02953737462	-0.910243461232	96.1643739421	1.66241864803
96.49	1.68	39 304 35 94 119 55 87	2.23072200533	-0.256468833845	96.2798711357	1.82718524006
96.84	1.5	24 271 21 49 135 75 104	2.2841571019	-0.646277073921	96.3105509368	1.87094640286
96.84	1.5	24 327 20 103 134 70 85	2.2841571019	-0.646277073921	96.3105509368	1.87094640286
96.84	1.24	26 271 21 49 135 75 104	2.07124928862	-0.795533445685	96.1883185026	1.69658053181
96.84	1.24	26 327 20 103 134 70 85	2.07124928862	-0.795533445685	96.1883185026	1.69658053181
96.81	1.45	25 317 13 97 130 77 88	2.22599668012	-0.650424612619	96.2771581592	1.82331536623
96.14	2.65	24 194 37 -45 323 65 -118	2.82442239782	0.586591882071	96.620836778	2.31336936889
96.94	1.21	30 325 29 99 135 61 85	2.10408157562	-0.894617778386	96.2071663421	1.72346983008
96.83	1.39	31 349 38 106 149 54 78	2.18834302827	-0.701239513696	96.2555402788	1.79247821496
96.18	2.35	12 337 11 112 134 80 86	2.60163338797	0.381736796064	96.4928629737	2.13093503983
96.34	2.8	12 39 37 -97 228 53 -85	3.0619103189	0.509040493236	96.7572902064	2.50782741572
96.57	2.93	22 232 39 -55 10 59 -115	3.30020926119	0.395528428363	96.8942504064	2.70293525256
96.65	2.2	36 301 31 79 134 59 97	2.74831908841	-0.0889386265964	96.5771181684	2.2510522127
96.92	2.86	35 311 24 83 138 66 93	3.44356854733	0.0691298758419	96.9766658955	2.82030365548
97.23	1.16	21 297 23 70 138 68 98	2.22962874677	-1.16071368627	96.2792434562	1.82628990042
96.35	2.68	19 209 38 -110 54 55 -75	2.96936253076	0.43199987243	96.7041103757	2.43204977105
96.81	1.16	20 331 20 99 142 70 87	1.98851724374	-0.816896242067	96.1408273052	1.62882304872
95.64	2.46	39 252 58 8 158 83 147	2.38223491952	0.886768434433	96.3668663996	1.95126672772
96.32	2.89	18 210 35 92 27 55 88	3.12415957141	0.577043387219	96.7930633402	2.55879556809
96.72	1.98	35 305 27 89 127 63 91	2.60833513533	-0.272509271092	96.4967121163	2.13642303187
97.17	1.18	31 337 39 122 119 58 67	2.21155565875	-1.10011674202	96.2688671295	1.81148865638
97.59	2.04	66 340 46 148 93 68 48	3.15683629086	-0.949822350005	96.8118429921	2.58555006243
97	1.58	43 344 81 -171 253 81 -10	2.4414967267	-0.731302544209	96.4008966268	1.99979797222
96.2	1.97	42 348 55 174 82 85 35	2.30187722804	0.147327505368	96.3207252969	1.88545834506
96.15	2.37	28 7 38 96 180 52 86	2.60081536171	0.417761853764	96.492393143	2.13026516587
96.58	1.7	40 314 27 105 117 63 82	2.29873430445	-0.318657248813	96.3189207129	1.88288444414
96.98	1.09	23 338 27 116 129 66 78	2.02877369964	-0.996252537588	96.1639355652	1.66179319867
96.33	0.3	21 337 38 -88 154 52 -92	1.00867727338	-0.917355402458	95.5785699413	0.82626259162
96.88	1.3	26 312 20 73 150 71 96	2.14334178235	-0.793834627476	96.2297049196	1.75562328215
96.83	1.15	36 317 29 92 135 61 89	1.99180726282	-0.839009937118	96.1427158337	1.63151759355
96.78	1.19	34 326 28 98 137 62 86	1.99586652349	-0.77511562407	96.1450459274	1.6348421493
96.94	1.14	29 353 37 115 143 57 73	2.04675803729	-0.934802968734	96.1742592945	1.67652233451
96.48	1.92	24 308 18 81 137 72 93	2.42152194543	-0.110538449241	96.389426178	1.98344011169
96.5	1.87	24 310 20 89 132 70 90	2.39204980387	-0.155604624816	96.3725023166	1.95930447443
96.39	1.93	50 250 55 16 151 77 144	2.37808748488	-0.0311387579549	96.36448487	1.94787024503
96.34	2.88	12 191 29 91 10 61 89	3.12743152805	0.554946282417	96.7949437324	2.56147453809
96.73	0.98	24 316 24 73 155 67 98	1.79519012322	-0.854716099211	96.0298627402	1.47048400186
97.46	1.67	34 344 19 129 124 75 78	2.77928709658	-1.0560417054	96.5949077165	2.27641051047
96	1.78	42 313 27 101 120 64 84	2.03157075075	0.202028827958	96.1655411743	1.66408398138
95.74	2.4	25 295 13 77 129 77 93	2.39038404876	0.770511700817	96.3715458005	1.95794033156
96.22	2.09	36 321 28 115 112 65 77	2.4116254506	0.199814998799	96.3837432343	1.97533558886
97.01	0.83	21 298 16 71 138 75 95	1.83306496225	-1.17006724451	96.0516005853	1.50150475799
96.8	2.27	31 277 32 45 146 68 114	2.8916819047	-0.171479467451	96.6594781364	2.36844366296
97.01	1.14	19 327 13 106 131 77 86	2.08694152631	-0.992107456492	96.1973267881	1.70943233276
96.55	1.84	23 301 15 75 136 75 94	2.39616635993	-0.213746129023	96.3748661474	1.96267565828
96.76	1.75	29 315 21 91 134 69 89	2.44295694624	-0.437280099626	96.4017351618	2.00099378031
96.95	1.18	29 300 25 66 146 67 101	2.08525479028	-0.920026389952	96.1963584947	1.7080509132
95.43	1.96	40 304 32 86 129 58 92	1.85222894398	0.771934845078	96.062599775	1.51720061603
96.17	2.8	51 339 74 -164 245 75 -16	2.96448019086	0.648106587668	96.701305052	2.428052078
97	0.93	22 312 19 84 139 71 92	1.90922309284	-1.10447607879	96.0953125831	1.56388014798
97.03	2.91	22 17 15 118 167 77 83	3.54758980336	0.00790136110315	97.0364768097	2.90546233646
96.1	1.84	41 314 28 107 115 64 81	2.13805911128	0.15459084342	96.2266721885	1.75129687868
96.74	1.88	12 290 8 65 135 83 93	2.53792825573	-0.346282997713	96.4562753486	2.07876708548
97.18	1.09	36 346 45 149 99 69 50	2.14359660499	-1.15997761828	96.2298512112	1.75583197675
97.23	1.21	32 257 50 19 155 76 138	2.27057254118	-1.13200346648	96.3027512073	1.85982125249
95.37	2.49	26 276 19 43 145 77 104	2.2521141414	1.12496557667	96.2921532654	1.84470458979
97.24	1.32	33 303 31 81 133 59 96	2.36638792026	-1.07702368548	96.3577668266	1.93828903465
96.66	1.77	24 358 31 113 152 61 77	2.40195487343	-0.343955528533	96.3781900747	1.96741605771
96.26	0.77	14 153 33 -85 327 57 -93	1.35349169219	-0.590363863604	95.7763960724	1.10870381048
96.96	1.21	12 338 11 112 136 80 86	2.11556213946	-0.910990041717	96.2137570476	1.73287224747
96.46	1.86	24 308 19 85 134 71 92	2.36091531259	-0.128605462172	96.3546244097	1.93380730271
96.83	1.48	25 310 11 91 129 79 90	2.26204083577	-0.649573390963	96.2978526823	1.85283414802
96.29	1.61	40 249 70 -9 342 82 -159	2.05866491558	-0.132922311775	96.1810944043	1.68627401364
96.69	1.8	24 296 20 70 138 71 97	2.44373322332	-0.351287681868	96.4021809415	2.00162949167
97.44	1.41	35 87 69 19 350 72 157	2.55493020006	-1.18901927709	96.4660397979	2.0926900138
97.09	1.09	21 322 24 93 138 66 89	2.09192341985	-1.0863028124	96.2001867189	1.71351244976
95.94	2.02	36 288 29 67 134 64 102	2.19374460802	0.388834609257	96.2586414125	1.79690195389
97.2	1.25	22 338 33 123 120 63 71	2.2861015654	-1.08447952632	96.3116673807	1.87253882906
96.95	1.09	12 325 10 87 148 80 91	2.01155223175	-0.97169275695	96.154049898	1.64768880106
96.93	1.56	16 329 8 107 131 83 88	2.38494192382	-0.685494629528	96.3684208141	1.95348358863
95.17	2.2	12 81 35 17 337 80 124	1.89987246605	1.12242246571	96.0899455255	1.55622180196
96.88	0.77	44 317 38 120 100 58 69	1.7092968593	-1.09806611112	95.9805674699	1.4001337776
97	0.93	22 319 16 94 135 74 89	1.90922309284	-1.10447607879	96.0953125831	1.56388014798
96.97	2.27	15 189 3 -25 304 89 -92	2.98921600579	-0.310554744041	96.7155180742	2.44830587104
96.5	0.94	12 308 16 78 141 74 93	1.63043725475	-0.689348062882	95.9353115177	1.33554350512
97.08	1.75	41 339 51 153 87 69 42	2.62660918866	-0.699157420443	96.5072079422	2.15138741731
96.04	2.52	34 303 29 91 122 61 90	2.66062355821	0.593833524968	96.5267448747	2.17924115126
95.65	2.39	44 345 69 -178 255 89 -21	2.3306142153	0.838439064974	96.3372255664	1.90899244709
97.35	1.41	32 354 47 148 106 67 48	2.50324499681	-1.11536592809	96.4363568113	2.0503647045
96.95	1.2	22 321 20 95 136 70 88	2.10163284252	-0.908544765351	96.2057605939	1.72146434978
96.8	1.93	32 337 38 99 145 53 83	2.61329564234	-0.366679040073	96.4995611967	2.14048513387
97.08	1.4	23 319 25 94 135 65 88	2.34003301451	-0.900130493907	96.3426337722	1.91670592078
96.17	2.47	31 290 31 64 140 63 105	2.69418548617	0.458771816585	96.5460226454	2.20672414112
97.31	1.4	33 341 47 138 102 60 51	2.47208758325	-1.08837310196	96.4184637641	2.02484945353
96.9	1.01	12 347 5 119 138 85 87	1.91733527825	-0.976681921334	96.0999688338	1.57052417521
95.63	2.34	42 317 30 110 114 62 79	2.27818821398	0.826134059712	96.30712382	1.86605815368
96.15	1.96	32 279 29 53 140 68 108	2.26501424598	0.182515465107	96.2995598775	1.85526924627
95.93	1.97	43 333 39 140 96 66 58	2.14705636948	0.368336258645	96.2318374371	1.75866545285
97.36	1.84	33 334 41 133 102 61 59	2.86103899876	-0.876572638256	96.6418730586	2.34335237673
96.96	0.97	21 321 17 96 135 74 88	1.91901915023	-1.04876583509	96.1009353502	1.57190329566
95.38	2.46	31 313 26 97 125 65 87	2.23325965516	1.09957944219	96.2813280952	1.82926348362
96.51	1.89	23 306 15 78 138 75 93	2.41416409263	-0.152310063019	96.3852010138	1.97741455732
96.98	0.92	22 332 18 106 135 73 85	1.889551857	-1.09384214131	96.0840217642	1.54776900566
96.98	0.92	22 309 28 93 126 62 89	1.889551857	-1.09384214131	96.0840217642	1.54776900566
96.98	0.8	37 332 18 106 135 73 85	1.79127221086	-1.1627250667	96.0276141324	1.46727508884
96.98	0.8	37 309 28 93 126 62 89	1.79127221086	-1.1627250667	96.0276141324	1.46727508884
97.08	1.1	26 288 33 27 175 75 120	2.09437142073	-1.07237539706	96.2015920351	1.71551733448
96.48	2.32	34 328 41 128 103 59 62	2.74908046985	0.119038459921	96.5775555359	2.25167567606
96.9	1.11	33 315 23 90 136 67 90	1.99922951341	-0.919278344906	96.146976354	1.63759645361
95.66	2.39	24 299 18 74 135 73 95	2.33634488764	0.83025417289	96.3405160709	1.91368555164
97.28	1.35	35 263 57 15 164 77 146	2.41392065749	-1.09253433273	96.3850612244	1.9772152012
95.74	2.16	43 256 48 20 153 76 136	2.193770428	0.632856696276	96.2586562362	1.7969230997
95.9	2.34	23 293 19 70 134 72 97	2.43293415619	0.605145527174	96.3959795725	1.99278587346
96.25	1.58	45 303 29 88 125 61 91	2.01115112057	-0.117391361196	96.1538196492	1.64736029006
95.88	2.59	29 185 41 -56 323 57 -116	2.62626857573	0.764915451573	96.507012307	2.15110849446
96.87	1.42	25 336 19 119 126 74 81	2.23586680497	-0.716759646423	96.2828249607	1.83139864392
96.84	0.89	36 324 31 97 135 60 86	1.78461776734	-0.996437763152	96.0237949618	1.46182485189
96	2.16	35 304 25 82 133 65 94	2.34281691245	0.420039833459	96.3442322755	1.91898577538
95.44	2.62	26 341 19 87 164 71 91	2.39874773778	1.14220693443	96.3763484449	1.96478963224
97.13	1.3	32 328 29 124 111 66 73	2.28685398864	-0.998473667878	96.3120993967	1.87315502891
97.12	3.36	31 146 44 -170 49 83 -47	3.96758648033	0.19277758323	97.278064133	3.24926628779
95.13	2.04	19 136 17 33 15 81 104	1.74583602044	1.06343757434	96.0015374033	1.43006102915
96.17	2.03	36 296 24 81 125 66 94	2.33381377692	0.206310302767	96.3390627259	1.91161271235
96.44	1.77	35 353 48 159 98 75 44	2.27574052504	-0.163888627012	96.3057184522	1.86405360524
96.77	1.78	12 293 7 66 137 84 93	2.47325992603	-0.428242017095	96.4191370056	2.02580950537
97.24	3.06	23 46 72 0 316 90 162	3.79083268869	-0.077616577186	97.176374097	3.10458455096
97.05	1.02	24 328 26 114 122 66 79	2.01163386172	-1.0937443936	96.1540967559	1.6477556562
97.01	0.95	34 293 29 70 136 63 101	1.93134331352	-1.10118211757	96.1080092678	1.58199698617
97.01	1.66	15 336 5 115 131 85 88	2.51274014515	-0.693552308827	96.4418097883	2.05814037748
96.91	1.02	33 315 24 93 131 66 89	1.93126504594	-0.979128697107	96.107964343	1.58193288382
96.18	2.1	21 301 12 77 134 78 93	2.3968785952	0.238290903392	96.3752751319	1.96325893096
96.79	2.76	45 309 42 -84 122 48 -95	3.28714272633	0.118021676149	96.8867394195	2.69223738501
97.94	2.42	62 135 34 -83 307 56 -95	3.66888600762	-1.01761967163	97.1062320172	3.00475943396
95.58	2.36	37 301 27 80 132 64 95	2.26592080537	0.878530058648	96.3000803831	1.85601168006
97.03	1.36	40 331 37 132 103 64 64	2.27857610617	-0.882171875914	96.3073465329	1.86637582003
96.23	3.6	43 71 41 146 188 69 54	3.65418985421	1.05798068133	97.0977798633	2.99272890893
95.48	2.74	12 293 8 65 138 83 93	2.51999874623	1.17827246681	96.4459783726	2.06408450674
96.98	0.9	30 313 25 92 131 65 89	1.87317223699	-1.10532285778	96.0746203851	1.5343537178
96.54	1.73	37 278 32 56 136 64 109	2.30035203997	-0.268697766483	96.3198495734	1.88420929076
95.39	2.48	12 358 61 167 95 78 30	2.25537807161	1.10286130505	96.2940272469	1.84737761766
95.93	2.19	36 298 27 82 127 63 94	2.32725998678	0.494544462451	96.3352996046	1.90624551603
97.72	2.14	50 116 35 100 284 56 83	3.31335296105	-0.998680658452	96.9018058835	2.71369625005
97.72	2.14	50 321 29 52 182 67 109	3.31335296105	-0.998680658452	96.9018058835	2.71369625005
96.19	2.81	41 318 28 111 114 64 79	2.98413269102	0.637482562206	96.712597203	2.44414364301
96.58	1.92	25 295 9 65 141 82 94	2.47888650842	-0.192380402116	96.4223681955	2.03041720738
96.72	1.07	37 304 29 73 143 63 99	1.86315786267	-0.794872034896	96.0688725121	1.52615169311
97.01	0.92	24 328 23 103 134 68 85	1.90677416265	-1.11840371088	96.0939069463	1.56187442763
95.98	2.69	15 299 11 80 130 79 92	2.76549344555	0.740449910415	96.5869838876	2.26511554199
96.97	1	20 322 19 110 121 72 83	1.94932848287	-1.03973146071	96.1183326566	1.59672708957
97	1.12	14 321 14 100 131 77 88	2.06482258381	-0.995403006988	96.1846292233	1.69131710649
96.28	1.83	29 293 19 74 130 72 95	2.23310110308	0.00150975378924	96.2812370645	1.82913363523
96.03	2.13	30 304 20 86 129 70 92	2.3354441214	0.378274012935	96.3399988572	1.91294787419
96.97	0.91	24 328 17 107 130 73 85	1.8756213984	-1.09139522822	96.0760261181	1.53635964031
96.86	1.19	23 327 20 106 131 71 84	2.04178331818	-0.840608424873	96.1714035912	1.67244805514
96.74	0.79	37 316 27 90 136 63 90	1.64531931903	-0.971952753032	95.9438518516	1.34773278399
97.53	3.18	20 123 62 -175 31 86 -28	4.05542498415	-0.245671212691	97.3286101676	3.32116268429
95.7	2.4	23 298 18 74 134 73 95	2.36746060999	0.803250200529	96.3583827759	1.93916750144
96.81	1.16	24 331 20 108 132 71 83	1.98851724374	-0.816896242067	96.1408273052	1.62882304872
96.74	2.07	18 307 7 88 129 83 90	2.69350258272	-0.237208419444	96.5456303827	2.20616493173
96.68	1.09	36 338 30 103 142 61 83	1.85658053881	-0.750643331053	96.0650974001	1.52076469091
96.85	1.18	23 326 21 97 139 69 87	2.02785437776	-0.83816230821	96.1634078418	1.66104027448
96.45	2.01	24 320 18 100 130 73 87	2.47801522421	-0.0343317784308	96.42186784	2.02970369865
96.74	1.65	17 303 11 86 127 80 91	2.34959654312	-0.478317153711	96.3481251305	1.92453790235
95.59	2.44	23 312 16 89 133 74 90	2.33719732417	0.916222614977	96.3410055344	1.9143836496
96.13	2.26	17 306 14 81 135 76 92	2.4992543511	0.371015756246	96.4340650357	2.04709671884
96.22	2.3	12 296 11 64 143 81 95	2.58361544303	0.320314222165	96.4825145192	2.11618028231
96.17	2.38	15 306 9 83 133 81 91	2.62047147943	0.407133111721	96.5036826846	2.14636133479
95.34	2.48	36 309 26 91 128 64 90	2.22673182769	1.14378840192	96.2775802327	1.82391742629
96.52	1.87	23 304 19 76 138 72 95	2.40352282251	-0.17197364997	96.3790904384	1.96870010038
96.55	1.49	40 293 31 65 141 62 104	2.10955338493	-0.41463305466	96.2103075633	1.7279511664
96.82	1.4	24 329 21 104 135 69 85	2.19079243816	-0.6873132075	96.2569465225	1.79448421207
96.76	1.2	13 155 21 -70 314 70 -97	1.99257709375	-0.753002107845	96.1431577309	1.63214808932
96.7	1.22	12 151 18 -56 295 75 -100	1.97452096402	-0.692401590401	96.132793252	1.61735999418
96.87	1.24	24 327 25 96 141 65 87	2.08846845315	-0.820092310404	96.1982033421	1.7106828698
96.28	2.16	32 306 27 94 122 63 88	2.50336025575	0.190877815426	96.4364230031	2.05045909132
97.86	2.88	95 101 11 -129 320 82 -83	3.99935603902	-0.687770719443	97.2963448571	3.27527017595
96.1	2.46	31 98 64 -178 8 88 -27	2.64586870268	0.510313950815	96.5182699971	2.16715870567
96.18	2.01	33 299 24 77 133 67 96	2.32316804769	0.186649541407	96.3329500656	1.90289443715
96.46	1.88	23 303 23 69 146 69 99	2.37729343889	-0.117126864114	96.3640289159	1.94721997196
97.09	4.17	13 111 56 -171 17 83 -34	4.61351556725	0.682469934684	97.6499380494	3.77790091229
