0 0 5 68 16
0 0 269 75 158
0 0 145 13 77
0 0 339 77 93
0 0 177 69 9
0 0 83 81 159
0 0 91 77 172
0 0 183 83 13
0 0 184 72 168
0 0 278 78 19
0 0 171 79 0
0 0 81 90 169
0 0 109 23 -98
0 0 298 68 -86
0 0 259 32 -44
0 0 28 68 -115
0 0 297 51 51
0 0 168 53 127
0 0 173 44 132
0 0 301 59 57
0 0 234 72 176
0 0 325 87 18
0 0 235 61 176
0 0 327 86 29
0 0 353 27 -132
0 0 218 70 -71
0 0 4 79 0
0 0 94 90 -169
0 0 152 66 16
0 0 56 76 156
0 0 228 58 -172
0 0 133 83 -32
0 0 146 49 -2
0 0 238 89 -139
0 0 62 73 -178
0 0 331 88 -17
0 0 275 73 180
0 0 5 90 17
0 0 309 43 0
0 0 39 90 -133
0 0 146 72 8
0 0 53 82 162
0 0 57 71 -168
0 0 323 78 -20
0 0 47 59 170
0 0 142 81 31
0 0 13 53 143
0 0 128 61 43
0 0 238 85 177
0 0 328 87 5
0 0 61 86 -178
0 0 331 88 -4
0 0 236 87 -179
0 0 146 89 -3
0 0 151 40 1
0 0 60 89 130
0 0 286 86 4
0 0 196 86 176
0 0 207 25 135
0 0 340 73 72
0 0 330 80 8
0 0 239 82 170
0 0 327 84 0
0 0 237 90 174
0 0 246 78 -180
0 0 156 90 -12
0 0 354 79 -11
0 0 86 79 -169
0 0 144 67 -5
0 0 236 85 -157
0 0 186 69 -175
0 0 95 86 -21
0 0 105 65 -168
0 0 10 79 -25
0 0 233 71 -179
0 0 142 89 -19
0 0 61 41 -126
0 0 285 58 -63
0 0 287 43 18
0 0 184 78 132
0 0 327 85 -5
0 0 57 85 -174
0 0 95 49 148
0 0 207 67 46
0 0 344 48 22
0 0 239 74 136
0 0 313 76 14
0 0 220 76 165
0 0 48 24 87
0 0 232 66 92
0 0 14 64 -161
0 0 275 73 -27
0 0 202 47 -171
0 0 106 84 -44
0 0 13 45 31
0 0 261 69 131
0 0 44 31 89
0 0 225 59 91
0 0 82 49 148
0 0 194 66 46
0 0 50 21 97
0 0 223 69 87
0 0 268 30 -71
0 0 65 62 -101
0 0 233 82 -174
0 0 142 84 -8
0 0 1 42 83
0 0 190 48 96
0 0 191 43 33
0 0 75 68 128
0 0 24 30 58
0 0 240 65 107
0 0 137 46 -122
0 0 359 52 -61
0 0 60 30 99
0 0 229 61 85
0 0 53 28 98
0 0 225 62 86
0 0 166 34 -162
0 0 61 80 -58
0 0 169 44 -89
0 0 347 46 -91
0 0 345 6 17
0 0 238 88 96
0 0 60 26 104
0 0 225 65 83
0 0 259 24 -57
0 0 43 70 -104
0 0 60 28 101
0 0 228 62 84
0 0 54 40 113
0 0 205 54 72
0 0 262 23 49
0 0 126 73 106
0 0 88 47 -133
0 0 322 58 -53
0 0 287 37 -92
0 0 110 53 -89
0 0 257 34 -97
0 0 86 57 -85
0 0 12 48 -23
0 0 118 73 -136
0 0 65 23 112
0 0 221 69 81
0 0 153 77 -13
0 0 246 78 -167
0 0 79 21 122
0 0 225 72 78
0 0 101 21 133
0 0 236 75 75
0 0 22 52 -128
0 0 254 52 -52
0 0 346 52 38
0 0 230 61 135
0 0 53 20 73
0 0 252 71 96
0 0 35 32 71
0 0 237 60 101
0 0 59 33 103
0 0 224 58 82
0 0 56 21 95
0 0 231 69 88
0 0 57 29 102
0 0 223 62 83
0 0 69 36 -69
0 0 224 56 -105
0 0 54 28 99
0 0 225 62 85
0 0 68 25 97
0 0 240 65 87
0 0 86 40 124
0 0 225 57 65
0 0 84 30 -90
0 0 264 60 -90
0 0 63 39 -83
0 0 233 52 -96
0 0 44 31 92
0 0 222 59 89
0 0 247 70 -180
0 0 157 90 -20
0 0 248 37 -153
0 0 136 74 -56
0 0 74 26 92
0 0 252 64 89
0 0 244 64 -176
0 0 152 87 -26
0 0 234 49 -179
0 0 143 89 -41
0 0 245 65 -174
0 0 152 85 -25
0 0 238 39 -153
0 0 126 74 -54
0 0 256 78 -171
0 0 164 81 -12
0 0 249 41 -158
0 0 142 75 -51
0 0 99 54 -139
0 0 342 58 -44
0 0 350 76 1
0 0 260 89 166
0 0 232 58 -175
0 0 140 86 -32
0 0 260 55 -164
0 0 161 77 -37
0 0 258 83 -178
0 0 168 88 -7
0 0 228 75 178
0 0 319 88 15
0 0 252 36 -169
0 0 153 83 -55
0 0 235 51 -176
0 0 143 87 -39
0 0 262 61 -174
0 0 169 85 -29
0 0 234 65 177
0 0 325 87 25
0 0 259 66 -173
0 0 166 84 -25
0 0 253 54 -162
0 0 152 76 -37
0 0 231 42 -169
0 0 133 83 -49
0 0 264 90 180
0 0 354 90 0
0 0 166 86 0
0 0 76 90 176
0 0 271 39 -143
0 0 150 67 -57
0 0 274 86 178
0 0 4 88 4
0 0 242 61 -177
0 0 150 87 -29
0 0 238 62 -173
0 0 145 84 -28
0 0 240 69 178
0 0 331 88 21
0 0 244 67 177
0 0 335 87 23
0 0 256 79 -177
0 0 166 87 -11
0 0 245 67 -170
0 0 152 81 -23
0 0 245 35 -151
0 0 131 74 -58
0 0 250 62 -175
0 0 157 85 -28
0 0 358 51 -6
0 0 92 85 -140
0 0 353 61 -15
0 0 91 77 -150
0 0 253 52 -154
0 0 146 70 -41
0 0 252 66 160
0 0 351 72 25
0 0 171 82 -2
0 0 261 88 -172
0 0 239 78 -174
0 0 148 84 -12
0 0 246 62 178
0 0 337 88 28
0 0 277 36 -125
0 0 138 61 -67
0 0 236 65 -173
0 0 143 84 -25
0 0 279 42 -125
0 0 142 56 -63
0 0 59 20 103
0 0 226 70 85
0 0 249 58 -165
0 0 152 78 -33
0 0 257 41 -153
0 0 147 73 -52
0 0 281 27 -138
0 0 153 72 -69
0 0 249 58 -165
0 0 152 78 -33
0 0 257 41 -153
0 0 147 73 -52
0 0 281 27 -138
0 0 153 72 -69
0 0 215 49 -176
0 0 122 87 -41
0 0 244 57 -163
0 0 144 76 -34
0 0 301 27 -90
0 0 121 63 -90
0 0 232 60 160
0 0 333 73 32
0 0 256 47 -139
0 0 135 61 -51
0 0 244 62 -175
0 0 152 85 -28
0 0 288 42 -119
0 0 145 54 -66
0 0 294 27 -102
0 0 128 63 -84
0 0 292 37 -97
0 0 121 54 -85
0 0 294 27 -102
0 0 128 63 -84
0 0 292 37 -97
0 0 121 54 -85
0 0 234 48 -163
0 0 133 78 -43
0 0 254 54 174
0 0 348 85 37
0 0 234 60 -170
0 0 139 82 -30
0 0 239 50 -168
0 0 141 81 -41
0 0 121 64 -29
0 0 224 65 -151
0 0 233 60 -171
0 0 139 82 -30
0 0 242 66 -168
0 0 147 79 -24
0 0 233 60 -168
0 0 137 80 -30
0 0 237 44 -161
0 0 133 77 -48
0 0 233 55 -177
0 0 141 88 -35
0 0 135 39 -34
0 0 253 69 -124
0 0 235 67 -170
0 0 141 81 -24
0 0 233 61 -167
0 0 137 79 -29
0 0 245 68 177
0 0 336 87 22
0 0 314 31 -55
0 0 95 65 -109
0 0 249 81 -176
0 0 158 86 -9
0 0 232 64 -175
0 0 140 85 -26
0 0 238 52 -174
0 0 144 85 -38
0 0 46 31 92
0 0 224 59 89
0 0 224 62 -171
0 0 130 82 -28
0 0 244 75 -174
0 0 153 84 -15
0 0 235 32 -164
0 0 132 82 -59
0 0 236 67 -167
0 0 141 78 -23
0 0 288 47 -130
0 0 158 56 -56
0 0 235 60 -168
0 0 139 80 -31
0 0 52 27 106
0 0 214 64 82
0 0 64 21 105
0 0 228 69 84
0 0 82 30 129
0 0 218 67 70
0 0 107 67 7
0 0 15 84 157
0 0 247 75 -171
0 0 155 81 -16
0 0 57 22 103
0 0 223 68 85
0 0 75 44 103
0 0 237 48 78
0 0 243 61 -169
0 0 148 80 -30
0 0 231 59 -172
0 0 137 83 -31
0 0 39 31 85
0 0 225 59 93
0 0 64 28 107
0 0 224 63 81
0 0 79 23 126
0 0 221 72 76
0 0 58 22 97
0 0 230 69 87
0 0 78 38 90
0 0 258 52 90
0 0 63 33 79
0 0 256 57 97
0 0 41 35 92
0 0 218 55 88
0 0 309 37 -57
0 0 90 59 -113
0 0 67 30 91
0 0 245 60 89
0 0 79 9 91
0 0 258 81 90
0 0 78 42 -63
0 0 224 54 -112
0 0 105 67 6
0 0 13 85 157
0 0 55 24 100
0 0 225 66 86
0 0 197 50 -175
0 0 104 86 -40
0 0 41 8 33
0 0 278 86 97
0 0 70 32 103
0 0 234 59 82
0 0 325 41 -32
0 0 80 69 -126
0 0 67 30 111
0 0 223 62 79
0 0 251 45 -153
0 0 141 71 -48
0 0 66 19 87
0 0 250 71 91
0 0 68 31 110
0 0 225 62 78
0 0 86 18 133
0 0 222 77 77
0 0 56 34 97
0 0 228 56 86
0 0 237 74 175
0 0 329 85 16
0 0 37 34 83
0 0 226 56 95
0 0 53 27 102
0 0 220 64 84
0 0 23 33 66
0 0 231 60 105
0 0 279 20 -96
0 0 105 70 -88
0 0 60 21 112
0 0 216 71 82
0 0 58 28 100
0 0 227 62 85
0 0 225 74 -174
0 0 134 84 -16
0 0 319 36 -45
0 0 88 66 -117
0 0 35 31 79
0 0 228 60 97
0 0 58 34 117
0 0 206 60 73
0 0 58 31 105
0 0 221 60 81
0 0 50 28 91
0 0 229 63 89
0 0 68 32 112
0 0 222 61 77
0 0 50 31 99
0 0 220 60 85
0 0 59 28 105
0 0 222 63 82
0 0 283 58 21
0 0 181 72 146
0 0 57 32 99
0 0 226 59 84
0 0 49 25 95
0 0 223 65 88
0 0 64 33 110
0 0 221 59 77
0 0 46 32 93
0 0 223 58 88
0 0 150 41 -105
0 0 350 50 -77
0 0 219 47 167
0 0 317 81 43
0 0 53 32 104
0 0 216 59 81
0 0 48 32 108
0 0 207 59 79
0 0 94 51 14
0 0 355 80 140
0 0 302 57 40
0 0 188 58 140
0 0 68 35 112
0 0 222 58 75
0 0 348 45 79
0 0 184 46 101
0 0 82 37 112
0 0 235 56 74
0 0 37 33 50
0 0 262 65 113
0 0 244 84 -179
0 0 154 89 -6
0 0 307 47 47
0 0 181 58 126
0 0 121 58 -157
0 0 18 71 -34
0 0 54 32 104
0 0 217 59 81
0 0 309 42 -41
0 0 71 64 -124
0 0 299 28 -51
0 0 76 69 -109
0 0 312 28 -20
0 0 60 81 -117
0 0 84 21 98
0 0 255 69 87
0 0 51 31 99
0 0 220 60 85
