
  Global CMT Catalog


    Search criteria:

Start date: 1976/1/1   End date: 2019/2/2
0 <=lat<= 10          87 <=lon<= 98 
0 <=depth<= 1000         -9999 <=time shift<= 9999
0 <=mb<= 10        0<=Ms<= 10           0<=Mw<= 10
0 <=tension plunge<= 90         0 <=null plunge<= 90


    Results

Output in GMT <http://www.soest.hawaii.edu/gmt/> psmeca (GMT v>3.3) format
Columns: lon lat depth mrr mtt mpp mrt mrp mtp iexp name

96.24 3.18 19 2.43 -0.02 -2.41 1.12 -1.68 1.84 26 X Y 062076A        
95.58 4.26 65 -1.44 1.94 -0.50 2.78 -2.41 -0.85 25 X Y 052577B        
95.67 3.31 62 -0.22 0.21 0.01 0.25 -0.88 -1.11 25 X Y 120377A        
93.79 6.26 33 0.78 -0.10 -0.68 -1.75 -2.33 5.57 23 X Y 060778A        
95.28 4.14 58 -2.35 0.01 2.33 2.49 -2.40 -3.19 24 X Y 121878C        
96.14 4.88 15 4.33 -6.15 1.82 -4.41 0.74 -2.17 24 X Y 031679B        
94.14 7.47 124 2.04 -1.57 -0.48 -3.92 -1.49 -0.89 23 X Y 060879A        
94.24 1.23 39 0.08 -1.06 0.99 0.07 0.05 -1.96 26 X Y 092979A        
91.09 6.48 17 -0.42 -0.96 1.38 -0.57 -0.02 -2.05 24 X Y 101679D        
92.57 6.35 15 2.72 -0.08 -2.64 -1.46 -2.85 1.65 24 X Y 021980B        
97.60 3.90 48 0.09 -0.91 0.82 0.02 0.27 1.16 25 X Y 040180B        
97.71 1.38 41 8.95 -6.88 -2.07 7.67 -5.65 5.82 24 X Y 011181B        
93.78 6.50 29 0.47 -0.69 0.22 0.19 0.98 2.65 25 X Y 012082A        
93.71 6.81 22 -0.10 0.17 -0.07 0.47 0.30 1.83 25 X Y 012082B        
94.68 5.81 66 0.89 -1.35 0.46 0.54 -1.33 -4.23 24 X Y 021382A        
96.85 1.92 15 1.83 -1.45 -0.38 1.40 -2.30 0.98 24 X Y 032282B        
94.10 7.40 33 0.21 -0.42 0.21 -0.09 0.20 1.04 24 X Y 040882C        
94.39 7.61 12 -1.45 0.08 1.37 0.79 1.39 0.74 24 X Y 052282A        
96.34 1.64 19 -0.81 -0.25 1.05 0.16 0.40 -0.89 24 X Y 103182A        
94.84 5.36 75 -4.10 1.16 2.94 4.15 -1.67 -3.99 23 X Y 013083B        
94.65 5.72 72 2.61 -1.85 -0.76 0.99 -1.10 -2.01 26 X Y 040483A        
94.75 5.81 87 3.41 -2.96 -0.45 -0.09 -1.97 -2.97 24 X Y 070283A        
87.29 2.76 10 0.43 -1.20 0.77 -1.38 -0.18 0.11 24 X Y 082183B        
93.15 8.00 35 -4.92 -0.33 5.25 4.66 -1.05 -0.38 23 X Y 091783A        
95.10 4.60 45 -6.26 -0.26 6.52 9.01 -0.90 -9.73 24 X Y 091783B        
96.99 3.60 80 -1.93 1.35 0.58 2.02 -0.93 -0.89 24 X Y 052984A        
94.76 7.37 18 -0.75 -4.42 5.17 -1.00 -1.80 1.74 23 X Y 010485B        
93.37 8.31 54 0.16 -1.09 0.93 0.32 0.14 2.34 24 X Y 042585C        
95.45 5.86 10 -1.26 -8.30 9.56 -3.32 -5.38 3.96 23 X Y 070585D        
94.01 8.81 15 0.66 -4.93 4.27 0.79 -0.17 8.96 24 X Y 012886B        
94.94 4.26 46 0.51 -1.00 0.49 -0.44 0.39 0.20 24 X Y 042986C        
93.50 9.44 79 3.57 -7.09 3.51 -2.62 -3.70 -1.77 24 X Y 060286D        
97.48 1.86 45 6.75 -1.41 -5.34 3.40 -1.21 4.58 23 X Y 061486B        
94.40 7.90 181 -5.56 5.87 -0.31 -4.38 5.00 -1.67 24 X Y 061986D        
96.09 4.74 22 0.09 -1.14 1.05 0.03 -0.66 -0.55 24 X Y 090886A        
94.87 6.86 206 -0.37 1.14 -0.76 -0.21 -1.30 6.42 24 X Y 120786A        
94.51 4.01 45 -2.20 0.68 1.52 2.90 -0.08 -3.63 24 X Y 061087C        
95.24 4.31 52 -1.26 -2.20 3.46 2.23 -1.29 -6.44 23 X Y 101487F        
94.38 4.72 36 4.87 -5.58 0.71 -3.68 -0.19 3.83 24 X Y 040388A        
97.16 1.87 15 0.14 -0.04 -0.11 1.46 -0.82 0.11 24 X Y 122088A        
95.21 4.65 111 -3.53 6.72 -3.19 4.98 -3.84 -0.34 23 X Y 122788A        
92.04 6.28 15 -0.53 -3.58 4.11 0.87 1.84 -4.47 24 X Y 021089C        
94.68 7.75 33 0.36 -1.18 0.82 -0.06 0.45 0.55 24 X Y 021889B        
94.47 7.65 15 0.04 -8.20 8.17 -5.62 -2.19 -0.36 23 X Y 021989A        
95.13 6.90 33 -0.38 -4.19 4.56 -1.92 3.52 1.74 23 X Y 050389D        
95.80 5.13 101 1.33 0.76 -2.09 1.52 -0.10 -1.74 24 X Y 072089A        
96.22 4.99 31 -0.26 -7.93 8.19 2.08 3.89 -1.33 23 X Y 073089C        
95.92 2.66 51 6.67 -1.72 -4.95 6.34 -4.35 6.95 23 X Y 080289B        
95.93 3.55 50 1.84 -1.01 -0.83 1.08 -1.03 1.33 25 X Y 012290D        
94.50 8.05 15 0.28 -2.20 1.92 0.77 0.16 1.30 24 X Y 043090C        
95.40 3.32 39 3.58 -0.42 -3.16 -1.95 0.71 2.59 23 X Y 073190C        
93.86 7.75 15 0.14 0.10 -0.24 -0.33 0.09 1.13 25 X Y 081890C        
97.52 4.02 15 0.10 -1.03 0.94 -0.26 -0.38 -0.49 26 X Y 111590A        
97.36 3.44 33 3.43 -3.93 0.50 0.39 2.37 2.85 23 X Y 111890A        
97.49 3.64 35 1.19 -1.90 0.70 -1.12 0.45 0.68 24 X Y 111890B        
93.93 8.14 21 -0.14 -0.58 0.72 0.10 0.06 1.35 25 X Y 122990A        
93.48 7.41 33 -0.69 -5.16 5.85 3.34 -6.05 -2.58 23 X Y 030891A        
94.29 8.37 42 0.01 -1.18 1.17 0.01 0.12 1.68 24 X Y 071891D        
95.83 3.90 42 -0.92 0.98 -0.06 3.03 0.66 -0.41 24 X Y 072391C        
95.11 3.66 35 3.70 -2.56 -1.14 -0.05 0.28 1.62 24 X Y 080691A        
95.29 7.14 32 -0.20 -4.50 4.70 -0.20 1.98 1.54 24 X Y 082691F        
94.54 7.30 50 -1.68 -5.90 7.58 2.38 0.46 2.54 24 X Y 082691G        
95.03 6.97 36 -0.17 -8.19 8.36 2.37 6.12 1.78 23 X Y 082691H        
93.30 8.87 61 -0.50 -4.54 5.04 0.88 -1.49 0.25 23 X Y 031792B        
93.50 9.22 90 0.32 -1.08 0.76 -0.33 -0.43 0.19 25 X Y 120892E        
97.56 3.04 57 -1.16 0.83 0.33 1.21 -0.83 -0.38 25 X Y 012093B        
94.80 6.55 104 4.94 -7.50 2.56 0.21 2.74 -4.27 24 X Y 082893C        
95.92 2.85 15 0.96 -0.60 -0.37 2.18 -1.94 0.54 25 X Y 090193F        
98.00 1.73 41 6.70 -6.72 0.03 5.13 -6.26 4.16 23 X Y 110193A        
94.37 7.70 41 -0.54 -5.95 6.49 -0.30 -0.73 3.11 24 X Y 052594H        
93.63 8.03 33 -2.74 -1.41 4.16 2.73 -0.38 4.26 23 X Y 100294A        
96.00 2.63 37 1.08 -1.13 0.05 1.01 -0.89 0.68 25 X Y 103194B        
97.30 4.33 163 3.15 -5.58 2.42 8.71 -6.30 -3.92 24 X Y 112094L        
97.65 1.32 33 -5.42 4.62 0.80 8.68 -8.34 -0.18 23 X Y 022695A        
95.63 2.78 29 1.24 -0.90 -0.34 0.74 -0.70 0.82 24 X Y 031495D        
95.62 2.91 49 3.22 -2.89 -0.33 2.73 -1.54 3.86 23 X Y 060395B        
94.98 3.64 76 -5.14 3.25 1.89 0.72 -1.20 -2.08 23 X Y 063095E        
93.97 9.18 27 -2.28 2.98 -0.70 -3.17 3.18 6.07 23 X Y 072795D        
94.77 2.00 30 -0.56 -0.72 1.28 0.53 -0.32 -2.39 26 X Y 110895A        
95.72 2.85 35 3.38 -2.97 -0.41 2.78 -2.91 2.84 24 X Y 112295C        
94.63 7.25 44 -0.54 -4.87 5.41 0.40 -0.00 3.17 24 X Y 041296A        
94.57 7.28 48 -0.09 -1.12 1.21 -0.06 -0.03 0.45 24 X Y 041396A        
93.87 8.65 30 0.05 -2.41 2.36 0.37 0.86 7.73 23 X Y 062596A        
95.52 3.04 35 7.30 -3.46 -3.84 4.26 -2.39 3.17 23 X Y 091396D        
95.38 5.85 33 0.03 -3.78 3.75 -1.96 4.69 1.93 23 X Y 092196P        
97.78 3.43 23 -0.10 -2.54 2.64 -0.10 0.05 0.86 25 X Y 101096F        
93.30 9.06 48 0.49 0.53 -1.02 -0.72 1.55 9.27 23 X Y 011197C        
97.12 3.04 61 -0.79 0.68 0.11 1.12 -1.77 -0.83 24 X Y 061197F        
97.00 0.50 43 0.73 -0.78 0.05 1.24 -1.43 1.30 24 X Y 070797C        
97.16 0.86 32 2.88 -2.00 -0.88 4.30 -4.69 2.48 24 X Y 070797D        
96.66 4.50 15 0.35 -8.60 8.25 -3.06 0.46 -6.57 24 X Y 082097B        
94.74 6.55 120 -0.69 -1.82 2.50 0.32 -0.42 -3.48 23 X Y 082697F        
94.45 7.02 70 2.67 -4.05 1.38 -3.93 -1.66 -0.00 23 X Y 111797G        
93.63 9.38 111 4.08 -9.35 5.27 2.17 -9.36 -4.23 23 X Y 011298K        
92.98 1.62 15 0.01 -1.08 1.07 -0.76 -0.67 -1.79 24 X Y 030698A        
94.42 7.43 28 -0.10 -1.02 1.13 -0.05 -0.32 0.59 24 X Y 080998A        
94.39 7.58 24 0.63 -8.84 8.20 0.65 -0.84 3.88 24 X Y 081098A        
94.34 7.73 52 -0.27 -8.80 9.06 -2.29 -0.96 8.17 23 X Y 101598C        
95.16 3.96 47 -2.99 2.29 0.70 1.09 -3.32 -4.60 24 X Y 020499F        
95.98 5.02 15 0.10 -1.93 1.84 -0.75 0.43 -0.72 24 X Y 021599C        
96.32 3.08 24 0.18 -0.38 0.19 1.09 -0.64 0.05 24 X Y 022499D        
90.13 3.64 22 -0.30 -1.59 1.89 -0.12 -0.25 -1.31 24 X Y 052599C        
93.49 5.12 15 -0.14 -0.59 0.73 0.90 -0.65 3.91 23 X Y 062299C        
97.26 4.56 166 1.49 -1.30 -0.19 2.84 0.20 0.03 24 X Y 072199D        
93.52 8.88 25 -0.03 2.96 -2.94 -5.58 -2.29 5.60 23 X Y 082999B        
94.56 7.05 25 -0.88 -5.81 6.69 -1.69 2.11 2.18 23 X Y 121899A        
97.68 1.40 34 3.20 -1.14 -2.06 -2.28 -2.37 -2.70 23 X Y 010600A        
96.31 4.99 16 -0.00 -1.94 1.94 -0.87 0.56 -0.00 24 X Y 031000D        
96.62 4.50 15 1.28 -6.00 4.72 -0.33 2.46 -3.44 23 X Y 071900A        
92.99 4.07 35 -4.16 -2.33 6.49 1.09 -1.54 -9.71 23 X Y 080100F        
94.63 5.77 66 0.00 -0.62 0.62 -0.49 -1.28 -3.28 24 X Y 081700D        
96.28 1.22 20 9.78 -5.36 -4.42 2.61 -3.47 4.79 24 X Y 090100C        
94.92 4.17 24 1.59 -3.77 2.18 -0.19 -0.95 1.90 23 X Y 090400A        
95.51 6.50 222 0.16 1.15 -1.31 1.46 -1.49 2.88 24 X Y 090900A        
92.97 9.97 33 1.85 -0.41 -1.44 -1.30 1.67 -0.17 24 X Y 110500C        
97.68 0.34 36 2.02 -2.14 0.12 2.84 -3.19 2.12 23 X Y 030701C        
94.08 8.76 28 0.05 -0.85 0.81 0.13 -0.18 1.04 24 X Y 031501A        
94.11 8.79 30 0.47 -4.38 3.92 1.76 -0.16 9.32 24 X Y 031501B        
97.52 0.06 22 3.65 -2.46 -1.18 4.19 -3.50 2.80 24 X Y 051801A        
94.53 6.06 20 -0.06 -1.56 1.62 -0.46 -0.34 0.43 24 X Y 081201E        
94.20 5.21 34 -3.79 -0.37 4.16 1.76 1.40 -0.61 24 X Y 103101G        
97.85 2.01 46 6.40 -4.51 -1.88 5.51 -2.38 -0.57 23 X Y 010402F        
95.57 3.35 45 2.78 -2.93 0.16 2.51 -5.14 3.44 23 X Y 012202C        
95.43 3.43 48 1.18 -0.77 -0.41 0.08 0.01 0.68 24 X Y 012402C        
95.48 3.57 31 9.56 -7.17 -2.39 -0.09 0.83 5.24 23 X Y 012402D        
95.52 3.37 42 2.57 -2.05 -0.52 -0.02 -0.09 1.51 24 X Y 012402F        
95.68 3.48 15 3.49 -2.03 -1.46 -3.05 0.30 -0.83 23 X Y 012502C        
93.40 8.23 72 2.88 -4.73 1.85 -0.50 -2.67 -0.02 23 X Y 080602A        
94.44 6.00 58 1.27 -1.52 0.25 2.84 -0.95 -2.61 24 X Y 102402V        
95.99 2.65 23 4.54 -3.01 -1.53 5.35 -5.63 2.20 26 X Y 110202B        
96.05 2.89 27 1.11 -0.30 -0.81 1.10 -2.78 0.85 25 X Y 110202J        
95.74 2.86 31 1.26 -1.02 -0.24 1.58 -1.18 0.86 24 X Y 111302E        
96.11 2.51 41 1.11 -5.43 4.32 4.25 -4.11 3.99 23 X Y 113002B        
94.54 8.54 15 0.03 -3.00 2.97 0.79 1.06 1.30 23 X Y 121302A        
97.54 4.07 140 -3.72 4.04 -0.31 9.97 -4.59 0.06 23 X Y 122702A        
93.89 8.00 17 1.10 0.08 -1.18 1.65 -3.02 7.19 23 X Y 011703E        
94.32 7.80 37 -1.67 -5.13 6.80 0.48 -0.21 2.61 23 X Y 013003C        
94.88 4.04 31 2.76 1.77 -4.54 -3.82 0.94 3.50 23 X Y 020203C        
95.76 2.77 20 -0.18 -2.28 2.46 4.19 -4.34 2.52 23 X Y 062803A        
93.42 6.79 15 1.41 0.29 -1.70 1.43 -0.03 1.63 24 X Y 072103F        
95.90 5.36 125 0.64 -1.38 0.74 0.65 6.09 -5.03 24 X Y 090503A        
96.38 1.85 29 1.99 -1.11 -0.88 2.88 -3.21 1.43 24 X Y 091003A        
97.57 4.74 15 2.91 0.30 -3.21 3.28 3.33 6.93 23 X Y 091303G        
96.12 2.16 39 3.06 -4.46 1.41 1.75 -2.86 0.71 23 X Y 091503A        
94.69 4.48 33 2.08 -1.51 -0.57 -4.08 -2.93 1.41 23 X Y 122903E        
93.83 7.13 62 0.92 -1.67 0.75 0.43 -1.23 1.25 23 X Y 022304A        
94.10 8.80 19 -0.25 -0.54 0.78 -0.13 -0.26 0.69 24 X Y 041504F        
94.15 8.85 18 -1.57 -1.14 2.70 -2.26 -1.33 1.75 23 X Y 041504I        
94.14 8.88 21 -0.14 -2.05 2.19 -0.65 0.01 1.76 24 X Y 041604A        
94.05 8.90 22 0.72 -2.06 1.34 -0.58 -0.09 0.87 23 X Y 041604D        
97.58 0.18 24 0.73 -0.35 -0.38 1.06 -0.85 0.35 25 X Y 051104B        
93.81 7.40 73 0.01 -2.75 2.74 0.08 -1.15 -0.33 23 X Y 051804A        
97.36 1.07 38 2.73 -3.42 0.69 1.95 -1.34 4.11 23 X Y 071704E        
93.61 9.56 106 0.37 -0.95 0.59 -0.46 -0.41 0.22 24 X Y 111704D        
97.83 1.86 44 0.92 -0.35 -0.57 0.67 -0.39 0.55 24 X Y 112704G        
94.26 3.09 29 1.04 -0.43 -0.61 2.98 -2.40 0.43 29 X Y 122604A        
92.79 6.61 14 5.26 -0.84 -4.41 3.95 -2.91 2.10 26 X Y 122604B        
92.45 8.58 12 0.94 -0.12 -0.81 0.02 -0.27 0.32 26 X Y 122604C        
94.11 8.91 33 3.80 -3.19 -0.60 0.54 1.57 -0.56 25 X Y 122604D        
94.31 2.57 17 0.89 -0.48 -0.41 0.17 -0.27 0.27 25 X Y 122604G        
94.17 3.47 12 0.56 -0.44 -0.12 0.25 0.69 0.62 25 X Y 122604I        
94.32 3.61 26 -1.69 1.45 0.23 -0.54 -0.30 -0.20 24 X Y 122604J        
94.11 3.83 20 -2.28 1.54 0.74 -0.47 0.36 -1.08 24 X Y 122604L        
94.04 2.59 12 1.01 -0.59 -0.42 1.10 -0.20 1.06 25 X Y 122604N        
93.76 4.37 12 -5.23 4.62 0.61 1.28 -4.05 -3.16 23 X Y 122704A        
94.33 5.36 39 3.46 -1.39 -2.08 1.96 -2.54 2.03 24 X Y 122704B        
92.29 8.25 34 -1.88 0.61 1.27 -0.21 -0.62 -0.60 24 X Y 122704C        
93.69 8.98 16 -1.19 0.11 1.08 -0.62 0.02 0.23 24 X Y 122704D        
94.95 3.20 29 4.72 -4.35 -0.37 1.81 -1.67 2.90 23 X Y 122704F        
92.73 6.68 17 4.19 -0.97 -3.22 1.16 0.51 1.26 23 X Y 122704G        
94.29 8.07 12 -2.31 -1.65 3.96 3.26 -3.96 1.11 23 X Y 122704H        
93.41 6.20 26 -3.43 -0.75 4.18 0.82 2.01 -6.70 23 X Y 122704J        
93.19 5.94 15 -1.29 -2.82 4.11 -1.31 -4.68 -4.08 23 X Y 122704K        
92.01 8.04 18 0.20 -5.22 5.01 -3.29 -2.90 -4.34 23 X Y 122704L        
93.45 7.60 60 2.09 -0.69 -1.41 -0.20 -2.16 2.88 23 X Y 122704M        
95.42 2.95 13 -0.50 0.06 0.44 2.61 -1.94 -0.42 24 X Y 122704N        
94.42 2.48 12 1.83 -1.11 -0.71 0.54 -0.64 0.96 24 X Y 122704O        
94.48 5.20 55 0.74 -0.38 -0.36 0.31 -0.31 0.48 24 X Y 122704P        
93.13 6.26 12 1.59 -0.65 -0.94 1.33 0.10 2.23 24 X Y 122704Q        
94.48 5.21 41 0.86 -0.41 -0.45 0.72 -0.64 0.48 25 X Y 122704R        
92.74 7.65 12 2.74 -2.26 -0.48 0.67 0.06 2.93 24 X Y 122704S        
95.00 4.47 53 4.02 -2.30 -1.72 1.67 -1.58 2.04 24 X Y 122704T        
92.35 7.88 16 -3.14 -0.67 3.81 -1.26 -3.59 -0.37 23 X Y 122704W        
93.90 8.63 12 -2.82 -1.48 4.30 5.26 -3.03 1.21 23 X Y 122704Y        
94.19 4.65 27 -2.73 2.07 0.66 -0.32 -2.17 -1.24 23 X Y 122704b        
93.21 5.65 13 -5.40 -0.55 5.96 1.95 -3.23 -1.79 23 X Y 122704c        
94.42 2.61 12 0.71 -0.28 -0.43 0.28 -0.57 0.38 24 X Y 122704d        
94.21 8.81 25 -0.44 -2.72 3.16 -1.24 -1.74 2.18 23 X Y 122704e        
93.32 3.68 12 -0.88 0.13 0.74 -1.51 -0.32 -0.28 24 X Y 122704f        
92.41 8.95 18 0.37 -2.42 2.05 -0.09 -1.86 -2.00 23 X Y 122704h        
92.14 7.51 12 -3.93 -1.57 5.50 -2.39 -1.35 -3.51 23 X Y 122704i        
93.93 8.72 12 -0.74 -0.04 0.78 0.22 -0.67 -0.15 24 X Y 122704j        
95.49 2.92 12 4.73 -1.60 -3.13 -0.83 -0.46 2.36 24 X Y 122704k        
91.78 7.04 14 -0.68 -1.33 2.01 -1.30 -0.47 -4.07 24 X Y 122704l        
93.80 8.93 12 -0.73 -0.02 0.76 0.11 -0.42 -0.08 24 X Y 122704m        
92.84 5.45 12 2.37 2.78 -5.15 1.00 -0.88 4.57 23 X Y 122704n        
93.87 2.93 17 2.14 -0.92 -1.22 0.73 1.28 0.84 23 X Y 122704o        
93.12 9.72 29 -2.87 2.66 0.20 0.12 -0.99 0.49 23 X Y 122704p        
91.89 8.19 12 -0.79 -0.00 0.80 0.57 -0.58 -0.25 24 X Y 122704q        
93.13 8.89 42 5.50 -1.26 -4.24 -0.52 -1.50 1.04 23 X Y 122804A        
94.32 7.61 22 -0.03 -1.98 2.01 -0.37 0.01 0.50 24 X Y 122804B        
92.88 6.71 12 3.47 -3.53 0.06 0.32 -0.31 0.34 23 X Y 122804C        
93.77 9.48 12 -1.49 0.06 1.43 0.19 -0.52 0.25 24 X Y 122804D        
95.04 4.39 49 3.41 -2.08 -1.33 1.94 -2.07 2.08 24 X Y 122804G        
93.77 4.14 16 -2.75 1.27 1.48 0.47 0.17 -0.56 23 X Y 122804H        
93.01 6.73 23 1.07 -0.56 -0.51 0.04 1.11 1.32 23 X Y 122804I        
96.18 5.05 18 -1.22 -3.13 4.35 -1.60 -0.91 1.16 23 X Y 122804J        
95.06 4.49 46 -0.02 -0.36 0.39 1.18 -0.72 -3.87 23 X Y 122804K        
93.68 3.24 12 2.59 -0.76 -1.83 -0.03 0.61 1.08 23 X Y 122804L        
93.99 9.90 14 -0.07 -0.97 1.04 0.05 0.07 0.65 24 X Y 122804M        
92.20 8.33 15 0.25 -2.04 1.80 -0.57 -1.39 1.10 23 X Y 122804N        
93.76 9.44 12 -6.32 0.35 5.97 0.74 -1.91 1.03 23 X Y 122804O        
94.33 3.54 12 0.38 -4.29 3.91 1.36 2.25 2.42 23 X Y 122804R        
93.78 9.06 12 -1.10 -0.25 1.34 0.59 -0.61 0.05 24 X Y 122804S        
94.60 3.41 22 -2.38 2.19 0.19 -0.91 -3.62 -1.33 23 X Y 122804T        
92.86 6.60 12 4.72 -2.68 -2.04 1.21 -3.78 2.70 23 X Y 122804V        
93.02 8.22 39 3.26 -0.02 -3.24 1.07 -6.66 1.78 24 X Y 122904B        
93.97 9.12 12 -0.94 -0.20 1.14 0.48 -0.50 0.34 25 X Y 122904C        
93.24 8.74 12 0.09 -0.73 0.64 -0.06 6.70 -1.02 24 X Y 122904D        
93.90 9.55 12 -0.95 0.06 0.88 0.20 -0.72 0.24 24 X Y 122904E        
92.99 9.29 46 3.46 -1.02 -2.45 1.30 -1.02 -1.62 23 X Y 122904G        
94.82 5.01 18 0.95 0.76 -1.71 6.42 -6.88 -0.41 23 X Y 122904H        
93.81 7.61 12 -3.13 2.51 0.61 0.89 -1.44 0.97 23 X Y 122904I        
95.32 2.60 26 0.56 -0.35 -0.20 0.65 -0.99 0.36 24 X Y 122904J        
93.80 3.19 13 5.08 -1.38 -3.70 -1.45 2.03 1.55 23 X Y 122904N        
94.53 5.36 49 4.61 -1.61 -3.00 2.00 -1.88 2.02 23 X Y 122904O        
94.13 5.33 43 1.16 -0.49 -0.68 0.64 -0.59 0.77 24 X Y 122904Q        
94.61 5.13 41 -0.74 1.30 -0.56 0.85 -1.83 -1.09 24 X Y 122904R        
93.78 7.67 20 -2.05 1.78 0.27 0.04 0.04 0.33 23 X Y 122904S        
92.14 7.84 12 -0.02 -4.12 4.14 -1.62 -4.20 -5.53 23 X Y 122904T        
94.22 4.11 19 -6.23 3.70 2.53 4.33 -0.75 -3.13 23 X Y 123004A        
94.27 4.24 25 -2.41 0.80 1.62 0.85 -0.08 -0.07 23 X Y 123004C        
92.31 9.15 35 -2.47 0.31 2.16 1.06 1.09 -0.74 23 X Y 123004E        
94.35 5.86 16 0.37 -0.61 0.23 2.39 -3.95 0.22 23 X Y 123004F        
94.29 5.34 36 5.00 -1.84 -3.16 3.24 -2.78 2.69 23 X Y 123004G        
92.60 9.18 41 -0.56 -0.21 0.77 -0.18 -1.06 -0.84 23 X Y 123004H        
92.93 6.77 13 -0.58 0.09 0.48 0.57 -0.44 -0.33 24 X Y 123004L        
94.24 2.51 12 2.08 -1.08 -1.00 0.38 -0.04 2.56 23 X Y 123004O        
94.28 5.12 42 1.09 -0.34 -0.75 0.57 -0.55 0.68 24 X Y 123004P        
94.30 5.24 44 2.33 -1.39 -0.94 0.87 0.14 1.26 23 X Y 123004Q        
92.43 7.10 12 1.41 -0.31 -1.10 -0.16 -0.21 0.73 25 X Y 123104A        
95.31 4.20 15 0.02 -0.33 0.30 5.05 -3.83 0.35 23 X Y 123104C        
93.46 5.32 12 1.49 -0.24 -1.25 1.41 1.20 0.05 23 X Y 123104D        
94.00 7.62 12 -2.25 0.12 2.13 1.79 -0.34 1.06 24 X Y 123104E        
94.57 4.85 49 5.86 -2.57 -3.30 2.57 -2.02 2.95 23 X Y 123104F        
92.80 6.03 12 0.65 -0.01 -0.64 0.67 -0.17 0.63 25 X Y 123104H        
95.17 3.12 12 1.18 -0.91 -0.27 -0.23 -0.04 0.45 24 X Y 123104J        
94.66 4.79 50 0.92 -0.50 -0.42 0.52 -0.43 0.61 24 X Y 123104K        
93.99 7.56 12 -2.69 0.26 2.43 -0.28 -0.67 0.82 23 X Y 123104L        
95.09 4.68 24 1.02 -0.41 -0.61 6.44 -6.84 0.31 24 X Y 123104M        
92.79 6.92 16 -2.95 0.07 2.88 -0.06 -1.28 -0.43 23 X Y 123104N        
94.06 9.41 20 -0.17 -0.79 0.96 -0.10 -0.05 0.24 24 X Y 123104P        
93.96 7.24 12 -1.31 2.32 -1.01 0.01 -2.57 1.78 23 X Y 200501010142A  
92.46 7.08 14 -3.57 -2.52 6.09 3.29 0.04 -1.34 23 X Y 200501010143A  
95.42 2.54 26 1.78 -1.08 -0.70 2.43 -2.94 1.41 24 X Y 200501010155A  
94.29 5.36 35 2.41 -0.80 -1.61 2.19 -1.73 1.56 24 X Y 200501010403A  
92.22 4.97 12 -0.05 -0.67 0.72 -0.29 -0.38 -0.85 26 X Y 200501010625A  
94.51 4.75 49 0.64 0.01 -0.65 -0.06 -0.47 0.14 24 X Y 200501011015A  
93.32 8.14 12 0.35 0.00 -0.35 0.58 -2.07 0.29 24 X Y 200501011429A  
94.49 7.15 20 -0.11 -1.21 1.32 -0.49 0.18 1.03 25 X Y 200501011908A  
92.56 7.12 12 3.66 -2.31 -1.36 -0.99 -4.52 2.14 23 X Y 200501012223A  
92.61 7.02 12 1.62 -0.70 -0.92 0.23 -1.41 0.91 24 X Y 200501012228A  
92.42 8.33 18 -0.04 -4.81 4.86 0.26 -3.49 -4.73 23 X Y 200501012240A  
96.33 2.74 58 1.83 -1.42 -0.41 0.80 -1.04 1.93 23 X Y 200501012340A  
95.32 3.18 12 5.19 -4.65 -0.55 -1.63 -0.52 1.95 24 X Y 200501020827A  
94.31 5.41 34 0.62 -0.08 -0.53 0.68 -0.60 0.37 24 X Y 200501021212A  
92.57 6.26 13 3.20 -0.12 -3.09 0.73 -2.45 1.23 25 X Y 200501021535A  
94.15 5.22 72 2.35 0.16 -2.50 2.51 -2.98 0.39 23 X Y 200501021935A  
96.76 4.52 12 -0.58 -2.43 3.01 -1.72 -1.51 -2.53 23 X Y 200501031745A  
93.16 4.45 20 -1.68 -0.13 1.81 1.20 0.14 -2.26 23 X Y 200501040204A  
93.02 7.08 34 -1.27 0.53 0.73 0.58 0.53 -0.91 23 X Y 200501040418A  
94.69 3.99 28 -3.05 2.86 0.19 -0.02 -0.38 0.33 23 X Y 200501040958A  
93.64 8.83 12 -1.53 0.41 1.12 -1.46 -1.37 0.61 23 X Y 200501041215A  
94.43 3.86 26 -0.47 0.73 -0.26 -0.27 -1.62 -2.89 23 X Y 200501041234A  
93.10 6.46 12 1.52 -2.33 0.81 0.17 -0.77 1.26 23 X Y 200501041256A  
93.79 4.40 15 -2.75 2.53 0.22 0.10 -2.52 -1.45 23 X Y 200501041518A  
94.69 4.61 49 0.70 -0.32 -0.38 0.31 -0.36 0.36 24 X Y 200501041826A  
94.29 5.17 34 4.92 -1.64 -3.28 1.43 -5.53 1.47 23 X Y 200501041908A  
93.58 3.47 12 4.96 -1.19 -3.78 -1.01 -0.05 2.46 23 X Y 200501050532A  
92.99 6.59 12 3.98 -1.99 -2.00 0.78 -2.19 1.79 23 X Y 200501051231A  
94.63 5.20 53 0.76 -0.28 -0.47 0.32 -0.23 0.42 24 X Y 200501051434A  
94.24 5.32 33 5.36 -1.66 -3.71 4.15 -5.00 3.52 24 X Y 200501051454A  
93.09 5.53 12 -1.68 0.13 1.55 0.07 0.51 -0.76 24 X Y 200501060011A  
91.80 6.87 17 -0.25 -0.69 0.93 -0.31 0.05 -1.37 24 X Y 200501060029A  
94.60 5.02 54 2.96 -1.21 -1.75 1.59 -1.25 1.76 24 X Y 200501060056A  
91.85 6.91 12 -0.30 -0.46 0.76 -0.01 -0.15 -0.81 24 X Y 200501060452A  
93.24 5.46 20 -1.64 0.39 1.25 -0.65 0.38 -1.15 23 X Y 200501070759A  
93.61 8.89 12 -0.79 0.07 0.72 0.34 -0.14 0.24 24 X Y 200501071049A  
94.76 4.69 22 0.50 0.89 -1.39 0.46 -5.77 -0.56 23 X Y 200501080558A  
92.69 3.48 12 -1.35 -1.34 2.69 -1.22 -3.65 -4.69 23 X Y 200501081459A  
92.29 7.39 12 0.80 -0.24 -0.56 0.09 -0.58 0.39 24 X Y 200501090159A  
94.14 3.20 12 -0.72 0.65 0.07 0.00 -0.21 -0.35 24 X Y 200501091716A  
94.94 4.63 46 0.75 -0.42 -0.33 0.59 -0.56 0.47 25 X Y 200501092212A  
93.91 9.56 12 0.48 -1.92 1.44 -0.91 -0.31 -1.50 23 X Y 200501100104A  
95.43 2.42 37 1.45 -1.45 0.00 0.95 -0.25 1.14 23 X Y 200501100219A  
93.85 8.16 13 -2.44 0.87 1.57 1.03 -0.25 0.91 23 X Y 200501110549A  
94.63 4.74 48 2.70 -1.43 -1.27 1.31 -1.13 1.76 23 X Y 200501112146A  
94.51 5.33 43 1.11 -0.45 -0.65 0.60 -0.54 0.69 24 X Y 200501121358A  
94.41 5.16 47 3.94 -0.85 -3.09 1.76 -2.72 1.45 23 X Y 200501121844A  
94.03 5.43 48 1.18 -0.17 -1.01 0.68 -0.09 0.44 23 X Y 200501130852A  
93.29 8.53 25 -0.23 0.34 -0.11 1.54 5.21 -2.54 23 X Y 200501141622A  
95.07 4.45 53 3.44 -2.12 -1.32 1.41 -1.67 2.15 23 X Y 200501141708A  
93.81 3.01 12 2.72 -1.39 -1.33 -0.19 -0.39 1.51 24 X Y 200501142138A  
95.98 2.68 35 1.29 -0.06 -1.23 0.40 0.04 2.24 23 X Y 200501151644A  
95.92 3.58 46 3.93 -2.40 -1.54 0.60 -1.38 1.83 23 X Y 200501170253A  
93.97 8.34 26 -0.83 -0.16 0.99 -0.18 0.08 2.19 23 X Y 200501182204A  
92.55 3.68 12 -0.91 -0.85 1.75 -1.48 -1.68 -2.09 23 X Y 200501191609A  
93.20 6.42 22 -5.30 -0.52 5.82 -0.35 3.13 -0.71 23 X Y 200501201926A  
93.33 5.41 25 -2.54 0.73 1.80 -0.48 0.37 -1.09 23 X Y 200501210522A  
97.42 1.37 31 1.85 -1.39 -0.46 0.81 -0.07 1.08 23 X Y 200501210836A  
94.06 3.40 12 2.32 -0.86 -1.46 1.35 1.41 1.39 23 X Y 200501220918A  
93.96 3.58 12 1.78 0.12 -1.90 0.62 1.21 1.68 23 X Y 200501220924A  
94.15 3.25 15 1.04 -0.22 -0.83 0.05 0.45 0.62 23 X Y 200501221107A  
94.74 4.94 40 1.18 -1.35 0.17 0.53 -1.34 -2.22 23 X Y 200501221258A  
94.32 2.43 12 2.13 -1.96 -0.17 0.11 -0.47 2.44 23 X Y 200501230616A  
94.31 2.66 17 1.62 -0.89 -0.73 -0.65 3.24 6.77 23 X Y 200501232036A  
96.21 4.80 20 -0.07 -0.98 1.05 -0.29 0.01 0.22 24 X Y 200501240039A  
92.40 7.22 15 -0.91 -1.45 2.36 -0.11 -0.25 -2.03 25 X Y 200501240416A  
94.72 4.54 37 3.45 -1.34 -2.12 1.12 -1.88 1.82 23 X Y 200501241759A  
94.60 5.15 59 3.25 -1.77 -1.47 1.48 -1.33 2.54 23 X Y 200501250954A  
96.21 2.69 60 0.82 -1.68 0.86 0.80 -0.71 0.94 23 X Y 200501261650A  
94.14 8.20 12 -0.64 -1.01 1.66 -0.83 0.38 1.86 24 X Y 200501261730A  
94.47 2.47 12 6.65 -3.94 -2.71 2.11 -3.53 3.99 24 X Y 200501262200A  
94.14 7.92 21 0.00 -1.15 1.15 -0.53 -0.22 1.09 24 X Y 200501262246A  
94.23 7.94 15 -2.18 -2.04 4.22 -2.15 -2.80 2.25 23 X Y 200501262303A  
94.36 5.07 52 3.68 -0.69 -2.99 0.90 -2.62 0.76 23 X Y 200501262343A  
94.20 7.94 20 -0.14 -0.94 1.08 -0.55 -0.27 0.77 24 X Y 200501270358A  
94.21 7.89 13 -0.71 -3.52 4.23 -2.15 -3.20 1.80 23 X Y 200501270402A  
94.18 7.90 20 -0.20 -0.78 0.97 -0.44 -0.21 0.69 24 X Y 200501270522A  
94.20 7.99 15 -0.01 -0.61 0.62 -0.57 -0.25 0.30 24 X Y 200501270548A  
94.18 7.94 12 -1.50 -1.39 2.89 -1.68 -1.63 0.26 23 X Y 200501270614A  
94.17 7.92 19 -0.55 -0.90 1.45 -0.44 0.12 2.08 24 X Y 200501270656A  
94.19 7.95 14 -2.71 -2.54 5.25 -4.14 -2.30 2.64 23 X Y 200501270720A  
94.21 7.99 22 -0.01 -0.74 0.75 -0.41 -0.29 0.56 24 X Y 200501270726A  
94.22 7.98 23 -3.93 1.17 2.76 0.69 0.12 5.64 23 X Y 200501270728A  
94.20 7.96 17 -3.03 -1.46 4.50 -0.97 -2.39 7.51 23 X Y 200501270735A  
94.25 7.90 22 -0.89 -1.63 2.52 -0.48 -1.30 0.70 23 X Y 200501270741A  
94.20 7.93 14 -2.24 -1.03 3.27 -2.71 -0.91 4.59 23 X Y 200501270807A  
94.17 7.93 12 -0.56 -0.55 1.10 -0.21 -0.05 1.92 24 X Y 200501270819A  
94.22 7.96 15 0.02 -0.84 0.81 -0.15 -0.16 0.10 24 X Y 200501270831A  
94.21 7.89 16 -1.50 -2.12 3.62 -5.14 -3.51 4.11 23 X Y 200501270836A  
94.22 7.83 15 -0.29 -1.14 1.43 -0.70 -0.88 0.56 24 X Y 200501270842A  
94.26 8.11 16 -3.12 -2.45 5.58 0.03 -3.67 3.45 23 X Y 200501270911A  
94.16 7.94 18 -2.04 -0.35 2.39 -2.50 -1.56 5.37 23 X Y 200501270925A  
94.25 7.87 20 0.03 -1.03 1.00 -0.37 -0.34 0.35 24 X Y 200501270952A  
94.22 7.98 25 -0.30 -0.19 0.48 -0.32 -0.15 0.82 24 X Y 200501270959A  
94.16 7.92 20 -0.37 -0.37 0.75 -0.45 -0.19 0.61 24 X Y 200501271008A  
94.26 7.99 12 -1.01 -2.78 3.79 -2.28 -2.60 0.52 23 X Y 200501271025A  
94.11 7.91 14 -0.33 -0.04 0.37 -0.01 -0.01 1.00 24 X Y 200501271058A  
94.15 8.02 12 -2.79 -1.27 4.06 5.63 -3.89 4.98 23 X Y 200501271144A  
94.20 7.92 12 -0.47 -0.76 1.23 0.02 0.15 1.83 24 X Y 200501271147A  
94.16 7.88 16 -2.38 -0.00 2.38 -1.94 -1.29 3.15 23 X Y 200501271156A  
94.28 7.98 12 -0.08 0.25 -0.17 -0.11 -0.04 1.43 24 X Y 200501271211A  
94.14 7.86 17 -0.27 -0.69 0.96 -0.39 -0.41 0.59 24 X Y 200501271315A  
94.25 7.92 23 -0.13 -0.73 0.86 -0.40 -0.21 0.34 24 X Y 200501271318A  
94.20 7.77 18 -1.48 -4.89 6.37 -1.72 -2.28 3.66 23 X Y 200501271325A  
94.24 7.84 22 -0.26 -0.54 0.80 -0.27 -0.40 0.62 24 X Y 200501271326A  
94.17 7.92 20 0.02 -0.66 0.64 -0.28 0.02 1.21 24 X Y 200501271354A  
94.16 7.97 16 -0.11 -1.38 1.49 -0.87 -0.02 1.06 24 X Y 200501271357A  
94.14 7.95 17 -2.52 -1.91 4.43 -3.01 -2.73 1.09 23 X Y 200501271413A  
94.20 7.95 22 -0.85 -2.77 3.63 -2.26 -1.01 3.57 23 X Y 200501271435A  
94.21 7.66 25 -1.95 0.15 1.80 -1.99 -4.11 5.69 23 X Y 200501271524A  
94.16 7.94 12 -0.55 0.09 0.46 -0.17 -0.31 0.93 24 X Y 200501271527B  
94.25 7.74 23 -0.48 -0.33 0.81 -0.28 -0.22 0.55 24 X Y 200501271534A  
94.18 7.76 32 0.61 -1.80 1.18 -1.36 -1.75 3.01 23 X Y 200501271600A  
94.25 8.04 32 -0.55 -1.09 1.64 -0.86 0.11 4.10 23 X Y 200501271602A  
94.14 7.94 12 -1.13 -0.40 1.52 0.06 0.41 2.99 23 X Y 200501271648A  
94.24 7.81 19 0.17 -4.42 4.26 -1.23 -0.05 2.18 24 X Y 200501271658A  
94.25 7.78 19 0.09 -0.87 0.78 -0.55 -0.20 0.74 24 X Y 200501271724A  
94.17 7.92 13 -1.09 -0.06 1.14 -0.58 -0.46 1.02 24 X Y 200501271740A  
94.24 7.85 16 -0.26 -2.21 2.47 -1.06 -0.48 0.80 24 X Y 200501271852A  
94.17 7.91 12 -0.81 0.03 0.78 -0.31 -0.13 0.78 24 X Y 200501271920A  
94.20 8.00 19 -3.48 -2.10 5.58 -2.46 -1.63 4.05 23 X Y 200501271931A  
94.07 8.16 15 -0.72 0.28 0.44 -0.43 -0.07 0.40 24 X Y 200501271940A  
94.24 5.41 31 1.00 -0.34 -0.66 0.96 -0.96 0.72 24 X Y 200501272009A  
94.19 8.01 23 -2.15 -2.51 4.66 -2.12 -1.28 3.51 23 X Y 200501272017A  
94.19 7.97 16 -3.24 -1.67 4.91 -3.85 -2.40 4.01 23 X Y 200501272031A  
94.19 7.89 15 -2.39 0.57 1.82 -3.10 -0.78 1.36 23 X Y 200501272045A  
94.18 8.11 17 -1.68 1.80 -0.12 -0.89 0.86 8.24 23 X Y 200501272051A  
93.70 9.74 12 -0.01 -1.01 1.02 -0.11 0.12 0.45 24 X Y 200501272100A  
94.26 7.99 15 -0.42 -3.72 4.14 -2.19 -3.05 -1.73 23 X Y 200501272105A  
94.17 7.98 17 -1.83 -4.50 6.33 -4.21 -0.82 2.80 23 X Y 200501272132A  
94.17 7.95 12 -3.84 -0.13 3.96 -1.82 -3.08 3.71 23 X Y 200501272147A  
94.18 8.00 12 -0.94 0.15 0.79 0.18 -0.33 0.73 24 X Y 200501272240A  
94.31 8.05 22 -1.66 -0.57 2.24 -1.52 -0.83 1.47 23 X Y 200501272256A  
94.20 8.02 12 -0.35 -0.68 1.03 -0.72 -0.21 0.48 24 X Y 200501272320A  
94.23 7.89 23 1.90 -4.61 2.71 -1.25 -1.10 1.52 23 X Y 200501272327A  
94.25 8.00 22 -1.73 -0.82 2.56 -0.98 -0.36 1.11 23 X Y 200501272340A  
94.21 7.84 18 -0.05 -0.59 0.64 -0.39 -0.12 0.44 24 X Y 200501280015A  
94.17 7.94 12 -2.26 0.82 1.45 -1.07 0.25 0.90 23 X Y 200501280101A  
94.23 7.96 12 -5.58 1.00 4.57 -2.97 -3.47 3.71 23 X Y 200501280136A  
94.23 7.96 28 -3.61 1.06 2.55 -0.77 -0.76 0.96 23 X Y 200501280143A  
94.20 7.87 16 -0.33 -0.62 0.95 -0.52 -0.40 0.13 24 X Y 200501280223A  
94.15 7.99 12 -3.93 -1.07 4.99 -0.53 -3.53 4.64 23 X Y 200501280228A  
94.20 8.06 12 -0.89 0.15 0.74 0.63 -0.46 0.71 24 X Y 200501280331A  
94.23 7.89 18 -0.71 -1.19 1.89 -3.36 -3.32 4.65 23 X Y 200501280434A  
94.18 7.88 12 -0.31 -0.97 1.28 -0.48 -0.38 0.29 24 X Y 200501280504A  
94.20 7.82 17 -1.68 -3.14 4.83 -2.17 -2.39 1.94 23 X Y 200501280538A  
94.21 7.73 17 -0.21 -0.67 0.89 -0.93 -0.12 -0.21 24 X Y 200501280606A  
94.17 7.85 12 -0.53 -1.71 2.24 -0.84 -0.65 0.47 24 X Y 200501280610A  
94.16 7.79 18 -0.49 -3.23 3.72 -1.93 -0.20 1.91 24 X Y 200501280613A  
94.23 7.82 16 -0.73 -1.98 2.71 -1.01 -0.70 0.50 24 X Y 200501280749A  
94.17 8.01 12 -0.89 0.25 0.64 -0.07 -0.28 0.39 24 X Y 200501280821A  
94.27 7.82 18 -0.41 -0.59 0.99 -0.43 -0.54 0.24 24 X Y 200501280829A  
94.11 7.84 13 -0.05 -0.69 0.74 -0.42 -0.32 0.19 24 X Y 200501280847A  
94.21 8.00 22 -0.23 -3.70 3.93 -2.83 -0.80 4.42 23 X Y 200501280914A  
93.91 7.66 19 -3.88 -0.07 3.96 -4.21 3.36 1.98 23 X Y 200501281021A  
94.23 7.84 17 -0.18 -0.86 1.04 -0.38 -0.17 0.27 24 X Y 200501281153A  
94.22 8.07 12 -5.10 1.80 3.31 1.61 -2.02 2.02 23 X Y 200501281237A  
94.30 8.12 12 -3.81 0.79 3.02 -0.07 -2.43 1.54 23 X Y 200501281749A  
94.20 7.86 12 -0.48 -1.20 1.68 -0.57 -0.39 0.29 24 X Y 200501281918A  
94.23 7.75 21 0.17 -0.99 0.82 -0.44 -0.16 0.77 24 X Y 200501282229A  
94.01 7.71 15 -4.14 -0.33 4.47 0.17 -3.72 2.44 23 X Y 200501282235A  
94.24 8.05 12 -3.62 1.14 2.47 0.82 -1.39 1.36 23 X Y 200501282332A  
92.56 7.21 12 -0.39 -0.13 0.52 0.09 -0.63 -0.66 24 X Y 200501290113A  
94.23 7.77 21 0.26 -1.03 0.77 -0.27 0.05 0.95 24 X Y 200501290150A  
94.52 4.84 52 4.36 -2.21 -2.15 1.77 -2.49 2.85 23 X Y 200501290255A  
94.25 8.09 12 -4.47 0.54 3.93 0.50 -2.28 2.77 23 X Y 200501290338A  
94.20 7.82 12 -0.20 -0.68 0.88 -0.25 -0.28 0.20 24 X Y 200501290526A  
93.59 3.21 12 2.01 -0.48 -1.54 -0.06 -0.13 1.02 24 X Y 200501290610A  
93.74 3.04 12 5.30 -1.87 -3.42 3.26 3.06 1.96 23 X Y 200501290721A  
94.29 7.76 15 -0.85 -2.56 3.42 -1.73 -1.86 1.55 23 X Y 200501290927A  
94.25 8.18 25 -0.58 -2.47 3.05 -1.46 -0.93 1.71 23 X Y 200501291612A  
94.26 8.05 12 -3.06 -0.88 3.94 -0.36 -1.98 2.61 23 X Y 200501291636A  
94.15 5.25 46 5.24 -2.59 -2.66 2.15 -2.03 3.15 23 X Y 200501291820A  
94.33 8.11 16 -1.91 0.55 1.36 1.13 -0.94 0.84 23 X Y 200501291837A  
94.29 7.72 15 -0.16 -0.79 0.95 -0.35 -0.28 -0.08 24 X Y 200501291906A  
94.22 8.10 12 -0.48 -0.11 0.59 0.43 -0.27 0.52 24 X Y 200501292001A  
94.21 7.75 19 -0.16 -2.06 2.22 -0.75 -0.06 1.60 24 X Y 200501292028A  
94.20 7.82 12 -0.79 -1.63 2.42 -1.69 -2.40 0.71 23 X Y 200501292054A  
94.19 8.01 12 -2.97 0.68 2.29 -1.44 -1.77 2.24 23 X Y 200501292058A  
94.18 7.80 12 -0.40 -1.07 1.47 -0.46 -0.17 0.40 24 X Y 200501292203A  
94.21 8.13 20 -0.08 -0.15 0.23 -0.21 0.15 1.00 24 X Y 200501300007A  
94.21 8.07 14 -3.12 0.31 2.81 0.35 -1.23 3.61 23 X Y 200501300034A  
94.18 8.03 12 -2.73 0.73 2.00 0.95 -0.44 2.83 23 X Y 200501300225A  
94.23 8.06 12 -4.05 0.57 3.48 1.68 -0.88 6.71 23 X Y 200501300235A  
94.25 8.06 19 -0.64 -1.68 2.32 -0.51 -0.59 4.73 23 X Y 200501300313A  
94.08 8.00 12 -1.22 0.55 0.68 -0.32 0.87 0.70 23 X Y 200501300344A  
94.18 7.94 12 -4.71 2.11 2.61 -2.23 0.72 4.30 23 X Y 200501300849A  
94.22 8.04 12 -2.15 0.53 1.62 0.44 -0.57 3.85 23 X Y 200501301032A  
94.22 8.14 12 -1.05 -0.10 1.15 0.95 -0.58 0.88 24 X Y 200501301533A  
94.24 8.13 16 -0.04 0.20 -0.17 0.07 0.34 0.92 24 X Y 200501302139A  
94.23 8.02 19 -1.49 1.31 0.18 0.20 -0.81 0.75 23 X Y 200501310220A  
96.72 4.14 16 -0.15 -3.38 3.53 -1.69 -1.30 -1.79 23 X Y 200501310645A  
94.22 8.09 12 -2.22 0.31 1.91 1.14 -0.08 4.99 23 X Y 200501310815A  
94.22 8.03 12 -1.88 1.14 0.74 0.04 -0.12 5.38 23 X Y 200501311314A  
94.26 8.09 12 -3.45 -0.26 3.70 2.18 -1.79 3.02 23 X Y 200501311630A  
94.21 7.81 12 -0.23 -0.62 0.85 -0.33 -0.22 0.19 24 X Y 200502010108A  
94.18 9.99 12 -1.64 0.59 1.05 0.66 0.12 0.88 24 X Y 200502011035A  
94.22 8.08 12 -0.67 0.31 0.36 0.28 -0.00 0.55 24 X Y 200502011341A  
94.10 9.94 12 -0.91 0.62 0.28 0.39 0.14 0.90 24 X Y 200502011354A  
94.36 4.94 43 0.88 -0.49 -0.40 0.62 -0.35 0.55 24 X Y 200502011415A  
94.12 9.96 12 -2.50 1.38 1.12 0.39 -0.19 2.63 23 X Y 200502011554A  
94.21 2.67 12 1.32 -0.81 -0.51 -0.50 0.44 0.87 23 X Y 200502011714A  
94.32 8.09 12 -1.51 0.57 0.94 0.14 -0.87 0.70 23 X Y 200502020052A  
94.06 9.93 12 -1.57 0.84 0.73 1.38 -0.16 1.55 24 X Y 200502020130A  
94.41 5.17 32 4.15 -1.17 -2.98 3.52 -3.61 2.54 23 X Y 200502020904A  
94.27 8.09 12 -2.01 0.86 1.15 0.15 0.31 5.38 23 X Y 200502021322A  
90.37 6.47 14 -0.46 -2.06 2.52 -1.16 0.32 -5.52 23 X Y 200502021458A  
92.83 6.54 15 1.60 -0.35 -1.25 1.43 -0.40 0.40 23 X Y 200502022041A  
93.25 5.57 35 0.33 -1.44 1.12 -0.90 0.41 -2.00 24 X Y 200502030451A  
95.51 2.13 40 0.99 -1.43 0.44 0.81 -0.97 1.35 23 X Y 200502040657A  
94.20 7.76 13 0.00 -0.95 0.95 -0.45 0.07 0.86 24 X Y 200502040944A  
95.03 2.20 12 1.15 -0.93 -0.22 -0.15 0.03 0.45 25 X Y 200502050403A  
94.26 8.06 12 -1.26 0.41 0.85 -0.05 -0.41 0.53 24 X Y 200502050800A  
94.27 8.08 15 -1.14 1.27 -0.12 0.86 0.69 8.72 24 X Y 200502051735A  
94.23 8.07 12 -1.01 -0.01 1.02 0.61 -0.43 0.99 24 X Y 200502060607A  
95.05 2.09 12 2.76 -4.15 1.39 0.60 -1.02 1.68 23 X Y 200502090102A  
92.53 6.79 12 4.96 -0.08 -4.88 -0.60 -1.77 1.35 23 X Y 200502090245A  
95.03 4.51 47 0.78 -0.45 -0.33 0.52 -0.47 0.47 25 X Y 200502091327A  
94.20 8.01 12 -2.31 0.20 2.11 -1.39 -0.04 2.24 23 X Y 200502100134A  
93.00 5.50 36 -0.44 -1.55 2.00 -0.55 -0.14 -3.38 23 X Y 200502121843A  
94.61 4.82 51 1.04 -0.49 -0.55 0.56 -0.41 0.70 24 X Y 200502130122A  
94.70 4.85 42 6.23 -2.87 -3.36 3.74 -2.94 3.43 23 X Y 200502130202A  
92.11 1.85 12 -0.12 -0.72 0.84 -0.32 -0.62 -1.33 24 X Y 200502150233A  
94.23 8.17 13 -0.84 -1.90 2.74 0.63 0.78 7.45 24 X Y 200502160819A  
95.05 4.37 50 2.78 -1.77 -1.01 1.44 -1.61 1.83 24 X Y 200502170531A  
94.35 5.31 36 2.11 -0.87 -1.24 1.81 -1.56 1.36 24 X Y 200502181933A  
95.17 2.19 12 0.92 -3.07 2.15 0.45 -0.14 0.63 23 X Y 200502191423A  
94.37 4.97 34 1.77 -0.48 -1.29 0.34 0.03 0.45 23 X Y 200502192345A  
93.67 3.25 12 6.41 -1.61 -4.80 -1.99 0.73 3.23 23 X Y 200502210610A  
95.19 2.32 45 1.82 -1.76 -0.07 1.00 -0.77 1.82 23 X Y 200502230242A  
95.51 2.53 27 0.81 -0.72 -0.09 1.69 -2.10 1.04 24 X Y 200502240735A  
93.76 8.68 28 -1.62 -0.27 1.89 -0.47 0.13 -0.28 23 X Y 200502241506A  
94.23 7.71 15 -0.75 -1.79 2.54 -1.16 -0.55 1.38 24 X Y 200502251331A  
94.12 2.62 12 1.61 -0.93 -0.68 -0.07 -0.43 0.66 23 X Y 200502252040A  
95.40 2.80 12 0.27 -0.18 -0.09 0.93 -1.06 0.17 26 X Y 200502261256A  
95.49 2.77 40 -1.83 1.69 0.14 -1.15 0.05 -0.25 23 X Y 200503031710A  
91.31 9.05 29 1.06 0.06 -1.12 -0.14 -1.03 0.65 23 X Y 200503072132A  
93.38 3.30 16 -3.26 -0.21 3.48 2.11 -1.00 -2.40 23 X Y 200503091827A  
95.12 2.26 16 0.71 -1.69 0.98 0.68 0.52 1.04 23 X Y 200503110800A  
94.38 7.47 13 -2.13 -3.60 5.73 -0.95 -2.37 1.07 23 X Y 200503111259A  
93.02 9.48 53 2.07 0.14 -2.21 0.39 -0.66 0.28 23 X Y 200503120450A  
94.62 5.16 55 5.20 -2.93 -2.27 1.95 -2.12 3.27 23 X Y 200503122233A  
91.60 9.72 12 0.32 0.59 -0.91 0.16 -0.30 -0.22 24 X Y 200503122243A  
94.42 5.42 42 1.10 -0.36 -0.75 0.66 -0.53 0.63 24 X Y 200503132212A  
93.05 9.47 55 3.22 -0.22 -2.99 0.46 -1.09 0.17 23 X Y 200503140427A  
94.32 5.37 35 0.67 -0.12 -0.55 0.75 -0.54 0.42 24 X Y 200503160639A  
94.93 4.66 45 3.44 -1.88 -1.56 2.51 -2.30 1.98 24 X Y 200503172320A  
95.62 3.55 47 4.46 -2.58 -1.88 1.53 -2.35 3.02 23 X Y 200503190301A  
94.25 5.30 34 4.68 -1.48 -3.20 3.59 -4.09 2.95 24 X Y 200503250104A  
97.07 1.67 26 0.27 -0.11 -0.15 0.84 -0.57 0.15 29 X Y 200503281609A  
96.95 0.30 28 -1.87 0.57 1.30 0.65 0.24 -1.27 24 X Y 200503290450A  
96.39 2.39 30 4.36 -3.83 -0.53 6.28 -2.57 2.25 24 X Y 200503290516A  
97.10 0.49 35 0.72 -0.58 -0.14 0.31 -0.22 0.35 24 X Y 200503290942A  
95.99 2.62 23 -3.97 1.10 2.87 3.64 -0.51 -2.04 23 X Y 200503291416A  
97.37 1.72 47 2.46 -0.94 -1.51 0.85 -1.13 1.23 23 X Y 200503291621A  
97.73 1.01 18 -2.96 2.64 0.32 1.79 0.31 0.41 23 X Y 200503291829A  
97.02 1.86 58 4.58 -5.22 0.64 1.61 -1.60 3.90 23 X Y 200503292041A  
97.16 0.78 33 2.53 -1.74 -0.79 1.37 -0.18 1.45 23 X Y 200503300025A  
96.85 1.38 26 0.81 -0.69 -0.11 1.69 -1.33 0.99 24 X Y 200503300113A  
96.84 1.45 27 1.76 -2.09 0.33 3.56 -2.97 2.48 23 X Y 200503301020A  
97.18 2.29 54 1.60 -1.07 -0.53 0.75 -0.60 0.96 23 X Y 200503301544A  
95.21 2.67 24 1.25 -0.81 -0.45 1.74 -1.91 0.82 25 X Y 200503301619A  
95.25 2.54 25 1.22 -0.73 -0.49 2.23 -2.34 1.18 24 X Y 200503301729A  
97.08 1.03 31 2.06 -1.15 -0.91 1.88 -0.77 1.80 23 X Y 200503302312A  
94.19 5.46 39 3.49 -0.82 -2.67 0.16 -0.72 0.40 23 X Y 200503302317A  
96.91 1.14 37 3.29 -1.16 -2.13 0.58 0.04 0.34 23 X Y 200503302319A  
96.49 1.68 39 2.13 -1.43 -0.70 0.71 -0.31 0.75 23 X Y 200503302325A  
96.84 1.50 24 2.83 -3.46 0.63 4.68 -4.20 3.47 23 X Y 200503302340A  
96.84 1.24 26 4.12 -1.60 -2.52 4.23 -3.94 3.37 23 X Y 200503310448A  
96.81 1.45 25 2.24 -1.32 -0.91 4.21 -3.49 2.00 24 X Y 200503310723A  
96.14 2.65 24 -2.25 -0.40 2.65 1.71 -1.02 -0.57 23 X Y 200503310830A  
94.54 5.09 36 1.44 -0.19 -1.25 0.06 -0.66 0.47 23 X Y 200503311427A  
96.94 1.21 30 2.33 -0.89 -1.44 1.20 -1.11 1.56 23 X Y 200503311629A  
97.57 0.29 18 1.55 -1.31 -0.24 1.31 -0.35 0.87 23 X Y 200503311802A  
96.83 1.39 31 1.75 -0.46 -1.29 0.54 -0.28 0.33 23 X Y 200503311914A  
97.15 0.51 17 0.20 -1.76 1.56 0.04 -1.73 2.78 23 X Y 200504010049A  
96.18 2.35 12 0.71 -0.20 -0.51 1.55 -1.49 0.54 23 X Y 200504010740A  
96.34 2.80 12 -6.12 2.88 3.24 1.55 1.00 3.35 23 X Y 200504011037A  
96.57 2.93 22 -1.70 0.63 1.08 0.53 -0.98 0.64 23 X Y 200504011058A  
96.65 2.20 36 1.40 -1.00 -0.40 0.65 -0.67 1.29 23 X Y 200504011418A  
96.92 2.86 35 2.14 -1.08 -1.06 1.26 -1.51 1.04 23 X Y 200504011450A  
96.90 0.14 12 -0.93 0.07 0.86 0.40 1.06 -0.61 23 X Y 200504011527A  
97.23 1.16 21 2.47 -1.75 -0.72 2.52 -2.57 3.30 23 X Y 200504011724A  
97.17 0.75 12 1.35 -3.05 1.70 1.37 -0.44 1.82 23 X Y 200504020337A  
96.35 2.68 19 -3.10 1.32 1.78 -1.20 -0.21 1.57 23 X Y 200504021624A  
92.97 2.44 15 0.40 -1.41 1.01 -2.17 -2.80 -9.00 23 X Y 200504022217A  
97.74 1.81 46 1.98 -0.90 -1.08 1.75 -1.12 1.19 25 X Y 200504030310A  
96.81 1.16 20 2.05 -0.52 -1.53 1.68 -2.06 1.25 23 X Y 200504031020A  
95.64 2.46 39 1.43 -2.44 1.01 1.38 -1.14 2.58 23 X Y 200504031116A  
96.32 2.89 18 5.30 -1.24 -4.06 0.75 1.68 -2.13 23 X Y 200504031221A  
93.71 9.75 12 -4.33 0.51 3.82 -4.30 -1.24 3.90 23 X Y 200504031442A  
96.72 1.98 35 1.20 -0.96 -0.24 0.86 -0.64 1.14 23 X Y 200504032023A  
97.17 1.00 33 1.66 -0.48 -1.19 0.49 -0.58 -0.01 23 X Y 200504032231A  
97.76 1.49 36 1.65 -0.60 -1.05 1.71 -1.63 1.06 24 X Y 200504040433A  
97.17 1.18 31 2.07 -0.89 -1.17 1.13 -0.03 1.33 23 X Y 200504041105A  
94.73 4.75 43 -1.44 1.32 0.11 0.21 -0.39 0.60 23 X Y 200504041937A  
97.59 2.04 66 0.68 -0.73 0.05 0.56 -0.02 0.94 23 X Y 200504042100A  
94.22 4.91 38 1.76 -1.15 -0.61 0.61 -0.45 1.28 23 X Y 200504050219A  
96.75 0.19 16 -1.33 0.36 0.97 -0.51 0.38 -0.68 23 X Y 200504050712A  
97.00 1.58 43 3.01 -4.82 1.80 2.32 -1.25 5.04 23 X Y 200504050937A  
96.20 1.97 42 0.76 -1.27 0.51 1.22 -0.39 1.70 23 X Y 200504051301A  
96.15 2.37 28 2.80 -0.21 -2.59 0.14 -0.68 -0.17 23 X Y 200504061011A  
96.58 1.70 40 1.55 -1.55 -0.00 1.38 -0.76 1.79 23 X Y 200504062319A  
96.98 1.09 23 2.78 -0.90 -1.88 2.23 -1.53 1.95 23 X Y 200504070221A  
96.33 0.30 21 -2.97 0.40 2.56 -0.40 0.69 -1.23 23 X Y 200504070654A  
97.31 0.52 12 1.47 -3.12 1.65 -0.12 -0.80 0.56 24 X Y 200504071146A  
97.40 0.88 35 0.70 -0.74 0.03 -0.39 -0.10 0.16 24 X Y 200504071150A  
96.88 1.30 26 2.55 -0.77 -1.78 1.79 -3.26 1.86 23 X Y 200504071523A  
96.83 1.15 36 2.40 -1.13 -1.27 1.19 -1.18 1.63 23 X Y 200504071640A  
97.34 0.50 12 1.14 -4.03 2.89 0.65 0.06 1.41 24 X Y 200504080151A  
96.78 1.19 34 0.74 -0.27 -0.47 0.38 -0.37 0.44 24 X Y 200504090341A  
96.94 1.14 29 2.04 -0.36 -1.68 0.90 -0.43 0.57 23 X Y 200504091903A  
96.48 1.92 24 0.73 -0.39 -0.33 0.75 -0.83 0.50 25 X Y 200504110611A  
96.50 1.87 24 0.95 -0.55 -0.40 0.89 -0.80 0.53 24 X Y 200504110904A  
96.39 1.93 50 0.61 -2.36 1.75 0.07 -2.16 1.59 23 X Y 200504110953A  
93.62 3.34 14 1.75 -0.59 -1.16 0.16 0.53 1.00 23 X Y 200504130312A  
96.34 2.88 12 0.95 -0.05 -0.90 0.10 0.59 -0.16 24 X Y 200504151308A  
96.73 0.98 24 0.99 -0.27 -0.72 0.37 -0.93 0.56 23 X Y 200504152132A  
97.46 1.67 34 2.00 -0.62 -1.38 3.11 -1.85 1.39 25 X Y 200504161638A  
97.75 0.31 12 -0.36 -0.05 0.41 0.62 -1.32 -0.14 24 X Y 200504171343A  
97.12 0.87 30 2.27 -0.70 -1.57 1.73 -1.93 1.33 23 X Y 200504181325A  
96.00 1.78 42 2.06 -2.08 0.02 1.90 -1.20 2.76 23 X Y 200504191510A  
95.74 2.40 25 2.95 -2.38 -0.57 5.34 -4.36 2.21 23 X Y 200504231031A  
96.22 2.09 36 0.91 -0.73 -0.18 0.82 -0.28 0.70 23 X Y 200504241059A  
97.01 0.83 21 2.57 -1.61 -0.96 3.68 -4.11 2.65 23 X Y 200504250129A  
93.87 3.08 21 2.11 -0.65 -1.46 -0.15 -1.02 0.58 23 X Y 200504250318A  
96.80 2.27 31 0.89 -0.76 -0.12 0.42 -0.86 0.76 23 X Y 200504251358A  
97.11 0.48 12 -0.62 0.37 0.25 0.53 0.00 -0.39 24 X Y 200504252018A  
97.45 0.47 31 -1.12 1.77 -0.66 0.91 -0.34 -1.45 23 X Y 200504252022A  
97.28 0.43 13 -4.87 2.06 2.82 3.83 -4.53 -2.29 23 X Y 200504252140A  
94.04 7.74 12 -2.13 -0.31 2.44 0.38 -1.20 1.00 23 X Y 200504261401A  
97.01 1.14 19 3.44 -1.46 -1.98 5.84 -5.02 2.11 23 X Y 200504261718A  
93.14 4.22 12 1.15 -0.10 -1.05 -0.29 -0.22 0.51 24 X Y 200504270345A  
93.72 8.66 18 -2.44 -0.23 2.67 1.02 -0.56 1.41 23 X Y 200504271404A  
96.55 1.84 23 1.16 -0.73 -0.43 1.50 -1.59 0.75 25 X Y 200504281407A  
96.76 1.75 29 0.69 -0.36 -0.33 0.61 -0.58 0.43 24 X Y 200504301317A  
97.85 0.95 16 -1.32 0.03 1.29 0.20 0.66 -0.24 23 X Y 200505011200A  
96.95 1.18 29 1.24 -0.62 -0.62 0.67 -1.15 0.89 23 X Y 200505021203A  
95.43 1.96 40 1.57 -1.07 -0.50 0.63 -0.55 0.92 23 X Y 200505030729A  
96.89 0.23 15 -0.94 -3.03 3.97 -2.35 -1.89 -4.49 23 X Y 200505040042A  
96.17 2.80 51 -0.61 -3.43 4.03 1.96 -0.80 3.66 23 X Y 200505040044A  
91.64 9.19 12 0.43 0.54 -0.96 0.26 -0.15 -0.07 24 X Y 200505040232A  
94.87 4.60 42 0.01 0.13 -0.13 -0.16 -0.57 -0.93 24 X Y 200505040558A  
94.18 5.18 38 2.80 0.12 -2.92 0.78 -1.68 1.68 23 X Y 200505050114A  
94.76 4.85 40 4.74 -2.24 -2.50 2.78 -2.53 2.59 23 X Y 200505090130A  
97.10 0.90 20 1.85 -1.10 -0.74 2.99 -2.63 1.78 23 X Y 200505102222A  
97.00 0.93 22 0.61 -0.30 -0.31 0.51 -0.60 0.34 24 X Y 200505102229A  
97.03 2.91 22 1.28 -0.33 -0.95 0.62 -2.10 -0.17 23 X Y 200505110933A  
94.47 5.01 19 2.02 0.37 -2.39 1.58 -7.18 0.62 23 X Y 200505121604A  
96.10 1.84 41 1.56 -1.75 0.20 1.49 -0.81 2.01 23 X Y 200505122347A  
93.24 5.60 12 -3.46 0.69 2.77 -1.43 0.10 -1.66 23 X Y 200505130423A  
93.54 3.60 12 1.69 -0.41 -1.27 0.21 1.34 0.77 23 X Y 200505150032A  
97.73 0.63 22 3.09 -0.42 -2.67 -0.40 -3.24 -0.02 23 X Y 200505160958A  
93.21 5.58 37 0.17 -0.86 0.69 -0.62 0.27 -1.41 25 X Y 200505181137A  
96.74 1.88 12 0.56 -0.41 -0.15 1.60 -1.63 0.32 26 X Y 200505190154A  
97.26 0.49 19 -2.11 1.14 0.97 2.41 -1.02 -0.99 23 X Y 200505192044A  
97.86 1.77 49 1.79 -0.14 -1.65 0.34 -0.66 1.13 23 X Y 200505210429A  
97.18 1.09 36 2.34 -1.83 -0.51 2.12 -0.33 3.44 23 X Y 200505210943A  
94.71 5.03 44 2.14 -0.85 -1.29 1.55 -1.46 1.44 24 X Y 200505212301A  
97.26 0.70 33 2.31 -0.97 -1.34 1.07 -0.94 1.59 23 X Y 200505230548A  
94.41 2.48 12 5.59 -3.67 -1.92 2.55 -0.87 2.93 23 X Y 200505240937A  
97.23 1.21 32 0.62 -1.07 0.45 0.32 -0.89 1.10 23 X Y 200505241138A  
95.37 2.49 26 2.10 -1.81 -0.30 3.23 -4.44 2.65 23 X Y 200505251442A  
97.24 1.32 33 1.85 -1.35 -0.50 0.96 -0.90 2.02 23 X Y 200505251847A  
93.19 5.60 15 -0.34 -1.41 1.75 -0.76 -2.45 -2.61 24 X Y 200505261008A  
96.66 1.77 24 2.52 -0.51 -2.01 1.11 -1.05 0.31 23 X Y 200505280623A  
96.26 0.77 14 -2.87 0.40 2.47 0.83 -1.16 -1.81 23 X Y 200505310001A  
94.57 5.23 21 0.21 0.23 -0.44 -0.26 -1.99 0.15 24 X Y 200505310229A  
94.60 5.21 52 2.77 -0.71 -2.06 1.03 -0.96 0.94 23 X Y 200505310728A  
96.96 1.21 12 2.01 -0.50 -1.51 4.23 -4.34 1.36 24 X Y 200506030042A  
95.05 2.83 18 -0.25 -1.44 1.69 0.58 1.21 1.20 23 X Y 200506031326A  
96.46 1.86 24 0.76 -0.43 -0.32 0.72 -0.71 0.46 25 X Y 200506080628A  
96.83 1.48 25 0.84 -0.55 -0.29 1.76 -1.41 0.63 24 X Y 200506101742A  
97.29 0.80 26 3.82 -1.94 -1.88 5.08 -4.27 2.76 23 X Y 200506110347A  
96.29 1.61 40 0.10 -2.21 2.11 1.19 -1.05 2.66 23 X Y 200506111736A  
94.06 7.68 12 -0.59 -0.08 0.67 0.48 -0.62 0.46 24 X Y 200506131928A  
94.07 2.75 12 6.93 -3.25 -3.68 -1.31 0.74 3.77 24 X Y 200506131959A  
92.13 7.73 17 -0.85 -0.68 1.53 0.20 -0.47 -1.42 23 X Y 200506161606A  
94.64 5.33 46 0.80 -0.24 -0.56 0.47 -0.33 0.45 24 X Y 200506170237A  
96.69 1.80 24 0.66 -0.44 -0.22 0.61 -0.70 0.48 24 X Y 200506172126A  
93.15 3.71 16 -0.66 -0.85 1.50 0.51 -1.83 -1.81 23 X Y 200506180846A  
97.44 1.41 35 0.33 -0.46 0.14 0.33 0.52 1.25 23 X Y 200506181236A  
97.09 1.09 21 2.46 -0.97 -1.49 1.56 -1.71 1.51 23 X Y 200506191244A  
95.94 2.02 36 1.50 -1.09 -0.41 0.62 -0.91 0.59 23 X Y 200506200738A  
94.53 4.75 51 1.23 -0.80 -0.43 0.56 -0.34 0.97 23 X Y 200506201850A  
92.63 6.75 20 1.20 -0.13 -1.07 -0.12 -0.11 0.24 23 X Y 200506210137A  
95.12 4.37 51 0.83 -0.53 -0.30 0.39 -0.47 0.60 24 X Y 200506242145A  
93.18 4.12 12 5.58 -0.75 -4.84 -0.85 -0.60 2.63 23 X Y 200506260429A  
97.20 1.25 22 1.58 -0.66 -0.92 1.13 -0.36 1.11 23 X Y 200506271714A  
91.88 7.79 12 0.00 -1.26 1.25 -0.68 -1.16 -1.47 23 X Y 200506301602A  
96.95 1.09 12 0.97 -0.24 -0.73 1.49 -2.42 0.55 23 X Y 200507020910A  
96.93 1.56 16 0.27 -0.11 -0.16 0.85 -0.74 0.17 26 X Y 200507050152A  
95.17 2.20 12 0.90 -1.75 0.85 0.20 2.78 0.80 23 X Y 200507050757A  
93.24 3.88 12 1.54 -0.15 -1.39 0.25 -0.74 0.59 24 X Y 200507052136A  
97.29 0.88 12 0.41 -1.05 0.64 0.69 0.10 0.88 23 X Y 200507082128A  
94.44 2.45 12 1.16 -0.82 -0.34 1.16 0.74 1.08 23 X Y 200507110107A  
96.88 0.77 44 1.30 -1.15 -0.16 0.69 0.15 0.73 23 X Y 200507110659A  
97.00 0.93 22 1.18 -0.55 -0.64 1.47 -1.46 0.83 24 X Y 200507111436A  
94.30 7.56 14 -1.46 -1.14 2.60 -0.81 -1.24 1.68 23 X Y 200507151250A  
96.12 4.07 19 -1.52 -1.66 3.18 1.70 0.52 5.49 23 X Y 200507210142A  
94.52 2.45 12 2.34 -0.86 -1.48 0.48 0.17 0.73 23 X Y 200507220702A  
96.97 2.27 15 -0.25 -0.07 0.32 5.55 -3.69 -0.22 23 X Y 200507220950A  
94.37 5.45 32 1.73 0.15 -1.88 0.89 -2.39 0.97 23 X Y 200507230044A  
93.09 5.22 18 -0.98 -1.06 2.04 0.09 -1.14 -1.98 23 X Y 200507230503A  
94.47 5.03 47 0.90 -0.26 -0.64 0.49 -0.34 0.44 24 X Y 200507232253A  
91.88 7.92 12 0.02 -0.72 0.70 -0.31 0.13 -0.41 27 X Y 200507241542A  
92.07 7.79 12 -1.23 -1.74 2.98 1.21 -1.64 -3.01 23 X Y 200507250217A  
91.92 8.11 12 -2.11 -0.81 2.91 1.51 -1.88 -0.03 24 X Y 200507250326A  
92.22 7.85 12 -0.07 -0.69 0.76 -0.26 -0.24 -0.19 24 X Y 200507251243A  
96.50 0.94 12 0.56 -0.28 -0.28 0.61 -0.76 0.35 24 X Y 200507251602A  
97.08 1.75 41 1.98 -2.65 0.67 1.14 -0.44 2.73 23 X Y 200507260138A  
91.56 8.44 12 -1.07 0.02 1.05 0.63 0.07 0.29 24 X Y 200507260632A  
96.04 2.52 34 1.19 -1.14 -0.04 0.85 -0.54 1.21 23 X Y 200507271357A  
93.73 3.28 19 1.04 -0.37 -0.66 -0.46 0.19 0.31 23 X Y 200507271405A  
93.76 3.43 12 1.66 -0.40 -1.26 -0.63 1.00 0.60 23 X Y 200507271605A  
95.65 2.39 44 0.47 -1.13 0.66 0.74 -0.17 1.44 23 X Y 200507280243A  
92.27 8.49 27 -0.04 -0.78 0.82 0.11 -0.20 -0.51 24 X Y 200507291227A  
93.45 2.85 12 -0.95 -0.21 1.16 -0.28 -1.09 -1.30 24 X Y 200507292033A  
97.13 0.91 26 0.37 -0.05 -0.33 0.70 -0.78 0.24 24 X Y 200507300036A  
92.01 7.61 21 -4.07 0.65 3.42 -4.27 -2.64 0.46 23 X Y 200507301224A  
94.32 5.16 31 2.73 -0.16 -2.57 4.31 -3.51 1.57 24 X Y 200507301513A  
97.39 0.26 22 -1.18 0.49 0.69 -0.94 -0.59 -0.76 23 X Y 200507302117A  
97.55 0.08 24 2.50 -2.28 -0.22 3.61 -3.05 2.50 23 X Y 200507311218A  
97.67 0.39 38 2.13 -1.66 -0.47 1.50 -0.89 2.70 23 X Y 200507311237A  
97.35 1.41 32 0.70 -0.27 -0.43 0.52 -0.15 1.05 23 X Y 200508011317A  
94.25 5.22 35 2.71 -0.94 -1.77 0.90 -0.85 1.81 23 X Y 200508022056A  
92.58 6.68 12 1.54 -0.03 -1.51 0.03 -0.27 0.40 24 X Y 200508032343A  
94.33 7.78 24 -0.27 -1.19 1.46 -0.25 -0.49 0.66 24 X Y 200508091122A  
94.00 2.92 12 1.24 -0.47 -0.77 0.32 0.10 0.52 23 X Y 200508110121A  
96.95 1.20 22 2.64 -1.10 -1.53 2.54 -2.60 1.93 23 X Y 200508131827A  
94.58 5.13 62 1.46 -0.85 -0.62 0.43 -0.51 1.02 23 X Y 200508260036A  
96.80 1.93 32 1.69 -0.57 -1.11 0.39 -0.25 0.40 23 X Y 200508260607A  
94.57 5.30 43 0.76 -0.37 -0.39 0.52 -0.40 0.60 24 X Y 200508280443A  
97.08 1.40 23 2.78 -1.30 -1.49 1.91 -1.86 2.30 23 X Y 200508280534A  
95.17 4.31 14 -1.88 0.70 1.18 0.38 1.01 1.00 23 X Y 200508281409A  
97.48 0.16 23 0.73 -0.38 -0.36 0.69 -0.75 0.39 24 X Y 200508291740A  
95.80 5.33 28 -1.77 -0.08 1.86 -0.53 0.38 -0.38 23 X Y 200508310720A  
94.63 4.77 51 4.30 -1.88 -2.43 2.17 -1.22 2.35 23 X Y 200509011642A  
94.79 4.42 60 3.03 -2.96 -0.06 1.33 0.30 3.61 23 X Y 200509032100A  
92.28 7.76 28 -0.74 0.04 0.70 0.23 -0.17 -0.01 24 X Y 200509061110A  
97.55 0.06 12 0.22 0.87 -1.08 1.00 1.42 4.37 23 X Y 200509070043A  
94.66 5.05 60 2.02 -1.46 -0.56 0.90 -1.09 2.26 23 X Y 200509070642A  
97.03 0.55 16 0.99 -1.32 0.33 -0.02 -1.75 0.19 23 X Y 200509082140A  
94.98 4.61 46 3.84 -2.26 -1.58 3.04 -2.44 2.35 24 X Y 200509101657A  
91.92 8.11 12 -1.27 -0.34 1.61 0.67 -1.05 -0.02 24 X Y 200509131432A  
91.93 8.14 17 -1.99 0.00 1.98 1.17 -1.51 -0.01 23 X Y 200509140817A  
96.17 2.47 31 1.56 -1.08 -0.48 0.52 -1.00 0.80 23 X Y 200509161719A  
94.16 7.60 12 -3.16 -0.08 3.24 -1.09 -3.81 0.75 23 X Y 200509180347A  
97.31 1.40 33 1.63 -1.12 -0.51 0.90 0.20 1.87 23 X Y 200509191434A  
95.42 4.43 52 -1.31 1.30 0.01 -0.04 -1.32 -1.44 23 X Y 200509201500A  
95.89 3.74 46 2.52 -3.37 0.85 3.79 0.37 2.08 23 X Y 200509221230A  
97.94 0.38 12 -0.29 0.55 -0.26 -1.53 -0.23 0.78 23 X Y 200509300439A  
96.90 1.01 12 0.64 0.15 -0.79 4.54 -5.11 1.29 23 X Y 200510030058A  
94.35 5.31 34 1.09 -0.50 -0.59 1.20 -0.82 0.77 24 X Y 200510032209A  
94.14 5.37 41 3.10 -1.07 -2.04 1.63 -1.55 1.89 23 X Y 200510041223A  
95.71 5.33 23 -0.90 -3.64 4.54 -0.81 -0.63 -0.03 24 X Y 200510050846A  
92.06 7.83 29 -0.17 -0.57 0.74 -0.48 -0.59 -0.41 24 X Y 200510051219A  
93.98 7.74 19 -1.75 0.82 0.93 1.17 -1.38 0.59 23 X Y 200510060253A  
97.99 2.11 12 0.36 -0.04 -0.32 2.52 -1.98 0.57 23 X Y 200510092228A  
95.02 4.49 49 5.68 -3.38 -2.30 3.84 -3.39 3.85 24 X Y 200510111505A  
97.82 1.82 44 2.55 -1.33 -1.22 2.17 -1.68 1.51 24 X Y 200510161903A  
94.26 3.56 12 0.03 0.61 -0.63 1.16 2.02 2.94 23 X Y 200510260039A  
95.63 2.34 42 1.77 -1.76 -0.01 1.43 -0.71 2.01 23 X Y 200510270416A  
96.15 1.96 32 1.65 -1.49 -0.16 1.11 -1.47 1.46 23 X Y 200510280307A  
95.93 1.97 43 0.83 -1.10 0.28 0.70 -0.29 1.15 23 X Y 200510281723A  
97.36 1.84 33 0.96 -0.85 -0.10 0.59 -0.06 1.07 23 X Y 200510302137A  
96.96 0.97 21 1.00 -0.44 -0.56 1.19 -1.18 0.68 24 X Y 200511041744A  
95.38 2.46 31 4.06 -2.91 -1.15 3.26 -2.23 3.52 23 X Y 200511190638A  
96.51 1.89 23 1.81 -1.00 -0.81 2.20 -2.50 1.07 25 X Y 200511191410A  
97.19 0.46 29 2.07 -3.34 1.27 -2.51 1.25 0.09 23 X Y 200511221404A  
96.98 0.92 22 1.64 -0.56 -1.08 1.83 -1.73 0.94 24 X Y 200511272331A  
96.98 0.80 37 0.61 -0.46 -0.15 0.42 -0.30 0.55 24 X Y 200511280016A  
93.82 3.18 19 1.38 -0.56 -0.82 -0.35 0.03 0.76 23 X Y 200512020307A  
97.08 1.10 26 1.21 -0.48 -0.74 -0.42 -2.15 1.31 23 X Y 200512031848A  
97.43 0.65 39 0.68 -0.84 0.16 0.71 -0.73 2.06 23 X Y 200512041409A  
95.19 3.29 24 -0.89 0.09 0.80 0.99 -1.03 -4.12 23 X Y 200512050446A  
96.48 2.32 34 1.40 -1.18 -0.22 0.77 0.09 1.22 23 X Y 200512060540A  
96.90 1.11 33 3.72 -1.78 -1.94 3.00 -3.08 3.58 23 X Y 200512070219A  
97.27 0.20 14 1.38 -0.37 -1.01 0.42 0.79 0.36 23 X Y 200512070838A  
94.31 4.99 44 1.96 -1.10 -0.86 0.58 -0.89 0.76 23 X Y 200512101141A  
95.66 2.39 24 1.98 -1.31 -0.67 2.12 -2.24 1.33 24 X Y 200512180423A  
95.06 4.36 55 1.56 -1.19 -0.37 0.75 -0.85 1.16 24 X Y 200601010847A  
97.67 0.03 37 3.98 -2.54 -1.44 2.22 -1.76 3.43 23 X Y 200601110046A  
97.58 1.22 31 3.39 -1.66 -1.73 1.96 -1.10 3.36 23 X Y 200601131049A  
94.49 4.86 40 1.74 -0.66 -1.08 1.00 -0.75 0.84 23 X Y 200601131447A  
97.28 1.35 35 1.50 -1.47 -0.03 0.92 -0.86 2.55 23 X Y 200601132247A  
95.74 2.16 43 1.02 -1.54 0.52 0.91 -0.82 1.65 23 X Y 200601281731A  
95.90 2.34 23 4.63 -3.35 -1.28 4.62 -4.84 2.78 24 X Y 200601311915A  
92.91 4.95 12 1.17 -0.20 -0.97 -0.57 0.06 0.34 23 X Y 200602011218A  
96.25 1.58 45 3.42 -3.54 0.12 2.54 -1.74 4.54 23 X Y 200602060705A  
95.88 2.59 29 -1.60 -0.02 1.61 0.85 -0.26 -0.48 23 X Y 200602061240A  
96.87 1.42 25 3.90 -1.64 -2.26 5.68 -3.99 3.45 23 X Y 200602062355A  
96.84 0.89 36 1.91 -0.75 -1.16 0.88 -0.82 1.45 23 X Y 200602100739A  
95.19 2.38 43 2.64 -2.45 -0.19 1.84 -1.62 3.37 23 X Y 200602130932A  
96.00 2.16 35 3.73 -2.38 -1.35 2.43 -2.36 2.45 23 X Y 200602131205A  
94.18 5.26 47 1.04 -0.76 -0.28 0.65 -0.33 1.19 23 X Y 200602150117A  
94.59 5.27 54 5.23 -2.08 -3.15 2.67 -1.94 3.63 23 X Y 200602262132A  
95.44 2.62 26 2.27 -0.46 -1.81 0.69 -2.58 0.47 23 X Y 200603011436A  
96.22 3.88 12 -0.87 0.21 0.66 0.45 0.07 0.50 24 X Y 200603080633A  
97.13 1.30 32 0.88 -0.80 -0.08 0.90 -0.39 1.03 23 X Y 200603121944A  
94.64 4.84 46 3.43 -1.71 -1.72 2.01 -1.20 1.93 23 X Y 200603161512A  
95.96 3.84 57 3.52 -0.79 -2.72 0.14 -4.80 3.76 23 X Y 200603190424A  
94.01 2.78 15 4.20 -1.80 -2.40 -0.54 1.25 0.38 23 X Y 200603190436A  
95.24 2.61 38 2.18 -1.97 -0.21 1.17 -1.79 2.50 23 X Y 200603221008A  
97.12 3.36 31 -0.45 -1.60 2.04 -1.68 -1.05 0.47 23 X Y 200603280835A  
95.13 2.04 19 0.53 -0.35 -0.18 0.47 0.87 0.31 24 X Y 200604011034A  
96.17 2.03 36 0.96 -0.82 -0.14 0.79 -0.58 0.68 24 X Y 200604020830A  
97.22 0.36 12 -3.86 0.55 3.31 3.89 -2.62 -2.22 23 X Y 200604041036A  
92.96 4.65 12 3.06 -0.35 -2.71 0.66 -1.04 1.06 23 X Y 200604051835A  
92.90 9.60 62 3.05 1.07 -4.12 1.11 -0.85 1.28 23 X Y 200604141026A  
93.22 2.70 17 -0.44 -1.29 1.73 -0.26 -0.94 -1.80 25 X Y 200604192036A  
96.44 1.77 35 1.47 -0.94 -0.53 2.00 -0.23 2.84 23 X Y 200604222342A  
96.77 1.78 12 0.76 -0.52 -0.24 2.50 -2.72 0.47 25 X Y 200604251826A  
96.03 4.39 82 0.12 0.39 -0.52 0.43 -0.02 -0.86 24 X Y 200604261638A  
97.24 3.06 23 0.05 -0.80 0.75 -0.19 0.17 0.04 24 X Y 200605080143A  
97.05 1.02 24 1.84 -0.85 -0.99 1.44 -0.56 0.68 23 X Y 200605090325A  
94.30 5.33 43 3.01 -1.22 -1.78 1.47 -1.66 1.80 24 X Y 200605130311A  
96.98 0.01 14 -1.09 0.31 0.78 0.66 -0.79 -1.93 26 X Y 200605161528A  
92.45 6.96 13 2.87 -0.84 -2.02 0.11 -0.16 0.69 23 X Y 200605170646A  
96.84 0.10 16 -1.30 1.15 0.14 0.84 0.15 -0.71 23 X Y 200605180101A  
94.41 5.27 52 4.60 -1.25 -3.35 2.52 -1.78 3.42 23 X Y 200606140014A  
94.29 2.59 16 0.82 -0.46 -0.36 -0.37 -0.01 0.44 24 X Y 200606140724A  
97.01 0.95 34 2.17 -1.57 -0.60 1.08 -1.34 1.40 23 X Y 200606210853A  
92.46 6.83 12 1.33 -0.22 -1.11 -0.03 -0.30 0.55 25 X Y 200606211234A  
93.75 8.81 20 -0.26 -3.53 3.79 -2.48 -0.58 -1.72 23 X Y 200606271502A  
92.57 6.31 12 2.42 0.04 -2.47 0.36 -1.78 0.75 25 X Y 200606271807A  
93.41 3.75 12 6.98 -1.57 -5.41 -1.90 -1.20 3.41 23 X Y 200607151154A  
97.01 1.66 15 0.58 -0.20 -0.38 2.51 -2.15 0.28 25 X Y 200607271116A  
96.91 1.02 33 1.94 -1.06 -0.88 1.37 -1.17 1.18 24 X Y 200607300128A  
96.27 4.76 21 -0.20 -3.29 3.49 -0.45 -0.41 0.31 23 X Y 200608011726A  
96.18 2.10 21 0.86 -0.56 -0.30 1.46 -1.42 0.54 25 X Y 200608112054A  
94.54 5.27 54 4.90 -2.44 -2.46 2.38 -1.77 3.10 23 X Y 200608130841A  
95.24 4.29 57 3.10 -2.48 -0.62 1.64 -2.50 4.11 23 X Y 200608231831A  
97.11 0.10 30 -1.08 0.38 0.70 0.72 -0.89 -0.98 24 X Y 200609031620A  
94.59 4.84 49 0.64 -0.30 -0.34 0.42 -0.23 0.47 24 X Y 200609160617A  
97.61 1.15 37 2.66 -2.31 -0.35 1.47 -0.42 2.74 23 X Y 200610041333A  
93.17 9.43 54 2.72 0.16 -2.88 0.34 -1.33 -0.01 23 X Y 200610060423A  
97.22 0.76 35 0.55 -0.57 0.03 0.60 -0.20 0.78 24 X Y 200610061449A  
95.09 4.80 41 3.27 -1.90 -1.37 -0.18 -0.14 2.72 23 X Y 200610120530A  
97.12 0.93 31 5.52 -1.94 -3.58 4.15 -4.01 3.95 23 X Y 200610250506A  
97.26 0.78 36 2.89 -1.92 -0.97 1.70 -1.32 2.47 23 X Y 200610250519A  
97.19 1.03 18 -4.66 4.36 0.30 5.77 -0.41 0.79 23 X Y 200611091555A  
94.57 4.58 36 0.65 -0.25 -0.40 0.47 -0.56 0.40 25 X Y 200611181355A  
94.67 4.60 23 3.72 -0.88 -2.83 4.06 -6.17 1.56 24 X Y 200611181357A  
96.79 2.76 45 -2.66 1.91 0.75 -0.34 0.07 -1.70 23 X Y 200611251850A  
96.27 4.76 22 -0.03 -0.82 0.85 -0.19 -0.02 0.15 24 X Y 200612061206A  
94.59 4.80 53 4.14 -1.96 -2.18 1.77 -1.61 3.26 23 X Y 200612090924A  
94.89 4.58 54 4.30 -2.40 -1.90 2.50 -2.10 2.51 24 X Y 200612172110A  
97.94 2.42 62 -3.33 1.96 1.37 1.25 -0.74 -1.91 23 X Y 200612191248A  
94.28 5.25 44 1.05 -0.42 -0.64 0.63 -0.48 0.61 24 X Y 200701031247A  
97.65 0.07 31 0.75 -0.31 -0.44 0.70 -0.67 0.47 24 X Y 200701051154A  
92.30 8.03 12 1.38 -0.30 -1.08 0.01 -0.90 0.63 25 X Y 200701081248A  
89.66 2.00 24 -0.17 -2.38 2.55 -0.19 -1.10 -2.74 23 X Y 200701170758A  
95.58 2.36 37 0.74 -0.55 -0.19 0.50 -0.45 0.66 24 X Y 200701221644A  
97.03 1.36 40 2.56 -2.78 0.22 2.00 -0.76 3.31 23 X Y 200701251518A  
93.76 8.37 77 0.43 -1.74 1.32 -0.51 -0.69 0.21 24 X Y 200701291948A  
94.47 6.12 64 0.49 -0.55 0.06 0.70 -0.42 -1.19 24 X Y 200702111047A  
97.22 0.33 12 3.83 -2.98 -0.85 1.90 0.37 2.19 24 X Y 200702141949A  
94.23 5.04 34 6.60 -2.60 -4.00 2.66 -2.16 3.09 23 X Y 200702142011A  
97.17 0.39 12 1.25 -1.58 0.33 0.89 0.09 0.48 24 X Y 200702142046A  
97.26 0.98 31 4.34 -1.80 -2.54 2.35 -2.51 1.84 23 X Y 200702181045A  
96.23 3.60 43 0.53 -0.29 -0.24 0.35 -0.67 -0.42 24 X Y 200703010201A  
97.74 1.80 49 0.60 -0.25 -0.35 0.51 -0.30 0.38 25 X Y 200703071053A  
91.54 9.18 12 0.93 2.52 -3.45 1.94 -0.78 4.58 23 X Y 200704010708A  
95.48 2.74 12 0.39 -0.26 -0.12 1.18 -1.31 0.29 25 X Y 200704070951A  
94.43 5.09 49 0.62 -0.30 -0.32 0.42 -0.37 0.38 25 X Y 200704270802A  
94.38 5.29 51 3.17 -1.13 -2.04 1.54 -0.82 1.85 23 X Y 200705011944A  
96.98 0.90 30 0.95 -0.55 -0.40 0.67 -0.57 0.65 24 X Y 200705140931A  
96.07 3.68 56 5.12 -5.47 0.35 2.32 -2.17 4.06 23 X Y 200705181557A  
96.54 1.73 37 2.25 -2.75 0.50 1.89 -1.36 3.27 23 X Y 200705220341A  
95.39 2.48 12 1.30 -0.14 -1.16 4.44 1.72 7.51 23 X Y 200705232019A  
94.03 8.31 12 -0.03 -1.49 1.51 -0.38 -0.72 -0.56 24 X Y 200705312318A  
95.93 2.19 36 4.75 -4.12 -0.63 3.39 -2.63 4.20 23 X Y 200706091459A  
94.50 5.21 54 3.26 -1.67 -1.59 1.20 -1.03 1.68 23 X Y 200706241347A  
97.72 5.14 12 5.60 -6.29 0.69 -2.56 0.39 2.79 23 X Y 200707211253A  
97.72 2.14 50 0.66 0.16 -0.82 -0.09 -0.69 0.31 24 X Y 200707241451A  
92.52 7.06 12 1.09 -0.25 -0.84 -0.06 -0.16 0.56 25 X Y 200707252337A  
91.04 6.68 21 0.24 -2.98 2.74 -1.24 -0.22 -3.23 23 X Y 200708061438A  
97.39 0.02 35 5.17 -3.05 -2.12 3.84 -3.22 3.61 23 X Y 200709080839A  
97.62 0.10 36 3.44 -2.84 -0.59 2.66 -1.59 2.88 23 X Y 200709081131A  
95.21 2.46 38 2.49 -1.56 -0.93 1.65 -1.78 2.06 24 X Y 200709290532A  
95.39 2.71 15 0.24 -0.17 -0.07 0.64 -0.81 0.16 25 X Y 200709290537A  
92.83 2.47 12 -0.23 -1.24 1.47 -0.83 -1.04 -1.98 25 X Y 200710041240A  
91.64 9.71 12 0.28 4.32 -4.61 2.81 0.08 6.01 23 X Y 200710101225A  
96.19 2.81 41 2.04 -1.46 -0.58 1.57 -0.50 1.22 23 X Y 200711210330A  
93.79 7.76 18 -2.53 2.15 0.38 0.54 -0.32 0.77 23 X Y 200711211904A  
95.01 4.46 52 4.57 -2.61 -1.95 2.73 -2.28 2.79 24 X Y 200711222302A  
96.87 0.29 19 -2.82 1.09 1.73 0.33 -0.91 -2.75 23 X Y 200711260644A  
97.75 1.81 50 0.69 -0.28 -0.41 0.54 -0.30 0.43 25 X Y 200712010144A  
96.58 1.92 25 0.51 -0.32 -0.19 1.16 -1.44 0.33 25 X Y 200712221226A  
95.95 5.63 26 0.32 -1.23 0.91 -0.59 -0.78 -0.07 24 X Y 200712280524A  
94.62 5.21 57 0.80 -0.44 -0.36 0.42 -0.25 0.60 24 X Y 200801052001B  
97.18 0.87 23 1.38 -0.43 -0.95 1.42 -1.53 0.70 25 X Y 200801221714A  
96.72 1.07 37 2.92 -1.50 -1.42 1.12 -1.87 1.85 23 X Y 200801231303A  
97.01 0.92 24 0.74 -0.29 -0.45 0.59 -0.52 0.42 24 X Y 200801241204A  
95.98 2.69 15 0.43 -0.29 -0.14 0.79 -0.66 0.20 27 X Y 200802200808A  
93.26 3.81 12 1.37 -0.15 -1.22 0.33 -0.44 0.50 24 X Y 200802290818A  
92.50 3.80 24 0.13 -0.62 0.48 -0.28 -0.34 -0.51 24 X Y 200803032114A  
94.71 4.68 50 3.49 -1.97 -1.52 1.77 -1.19 2.40 23 X Y 200803051704A  
94.51 2.47 12 1.22 -0.66 -0.56 0.29 -0.51 0.65 25 X Y 200803151443A  
95.17 2.66 20 1.18 -0.76 -0.42 2.66 -2.71 0.81 25 X Y 200803291730A  
91.77 8.25 12 -5.63 -1.26 6.89 0.04 0.45 0.92 23 X Y 200804170829A  
94.49 5.21 53 3.17 -2.38 -0.79 1.83 -0.73 2.53 23 X Y 200805081131A  
95.05 4.37 51 1.22 -0.92 -0.30 0.73 -0.70 0.93 24 X Y 200805131029A  
97.53 0.10 31 0.72 -0.45 -0.27 0.64 -0.47 0.52 24 X Y 200806031015A  
97.28 0.37 39 4.02 -3.10 -0.92 2.98 -2.78 3.52 23 X Y 200806131613A  
92.66 6.76 12 4.50 -0.62 -3.88 0.45 -1.65 1.50 23 X Y 200806190035A  
96.97 1.00 20 1.05 -0.66 -0.39 1.35 -0.76 0.73 24 X Y 200806250152A  
97.00 1.12 14 1.75 -0.86 -0.88 2.92 -2.54 1.31 24 X Y 200806250253A  
96.28 1.83 29 1.59 -1.27 -0.32 1.83 -1.60 1.10 24 X Y 200807140444A  
96.03 2.13 30 1.17 -0.84 -0.33 1.26 -1.02 0.88 24 X Y 200809100300A  
96.97 0.91 24 2.63 -1.15 -1.48 3.41 -2.79 1.85 24 X Y 200811031922A  
93.76 8.76 19 -0.76 0.01 0.75 0.20 0.03 0.07 24 X Y 200811191714A  
94.13 8.71 22 -2.72 -2.80 5.52 -3.02 -1.06 4.00 23 X Y 200812052324A  
94.11 8.73 25 -0.23 -0.59 0.83 -0.48 -0.14 0.52 24 X Y 200812060043A  
93.27 4.46 14 -0.37 1.40 -1.04 -0.80 -1.60 -2.98 23 X Y 200812072349A  
92.20 7.71 12 -2.98 -2.37 5.35 1.81 -1.98 -0.26 23 X Y 200812092100A  
94.75 6.82 145 1.19 -0.65 -0.54 -2.69 0.11 -3.52 23 X Y 200812171348A  
94.95 4.55 51 1.18 -0.70 -0.47 0.73 -0.59 0.69 24 X Y 200812211347A  
94.40 6.53 68 0.57 -0.76 0.18 0.17 -0.34 -0.57 24 X Y 200901042022A  
96.89 0.06 17 -1.45 0.36 1.09 0.48 -1.53 -2.45 23 X Y 200901240036A  
96.86 1.19 23 1.92 -0.82 -1.10 1.93 -1.55 1.06 24 X Y 200902241213A  
95.03 4.43 48 3.02 -2.47 -0.56 2.06 -1.39 1.64 23 X Y 200903121005A  
94.11 5.10 36 4.27 -1.39 -2.88 1.95 -0.75 1.95 23 X Y 200903240435A  
94.54 6.28 62 4.58 -5.15 0.57 0.12 -0.54 -0.42 23 X Y 200904090810A  
96.74 0.79 37 2.50 -1.21 -1.29 1.38 -1.42 1.54 23 X Y 200904110159A  
97.53 3.18 20 -0.09 -0.64 0.73 -0.23 -0.33 -0.33 24 X Y 200905081319A  
93.80 9.12 12 -0.81 -0.01 0.82 0.26 -0.30 0.17 24 X Y 200906151205A  
96.72 0.23 13 -3.69 1.58 2.11 0.78 -1.88 -2.29 23 X Y 200907011858A  
93.78 9.03 20 -4.88 0.05 4.83 -0.45 -1.05 0.58 23 X Y 200908120433A  
96.59 4.43 12 0.58 -3.20 2.62 -1.82 -0.69 -1.94 23 X Y 200908150404A  
96.92 0.21 17 -1.05 0.45 0.60 0.70 0.07 -0.95 24 X Y 200908230720A  
94.41 5.29 50 4.55 -0.92 -3.63 1.80 -0.83 1.12 23 X Y 200908281645A  
94.14 5.17 36 2.36 -0.24 -2.12 -0.19 -2.05 1.57 23 X Y 200909080339A  
91.86 8.05 20 0.11 -1.12 1.01 0.00 -0.33 -0.39 25 X Y 200911100248A  
96.19 4.74 22 -0.09 -1.82 1.90 -0.23 0.12 0.35 23 X Y 200911260527A  
96.97 0.05 12 -2.56 1.08 1.49 1.06 0.29 -1.48 23 X Y 200912072206A  
95.70 2.40 23 4.89 -3.26 -1.63 5.04 -5.18 2.55 24 X Y 200912092129A  
93.75 2.95 13 -1.13 -0.50 1.63 -0.09 -1.91 -2.96 23 X Y 201001220646A  
94.10 2.71 12 2.20 -1.62 -0.58 -0.83 0.86 1.70 23 X Y 201002142209A  
93.06 4.61 14 -0.39 0.18 0.21 -0.21 -0.49 -0.97 24 X Y 201002161908A  
96.81 1.16 24 3.50 -1.33 -2.17 3.48 -2.85 1.89 24 X Y 201003131459A  
96.74 2.07 18 1.72 -1.06 -0.66 4.97 -3.98 0.77 27 X Y 201004062215A  
91.94 7.83 28 -0.56 -5.82 6.39 -3.46 -1.84 -1.03 23 X Y 201004132014A  
95.78 3.36 37 0.45 -0.28 -0.18 0.63 -0.53 0.23 27 X Y 201005090559A  
95.69 3.24 42 1.27 -0.76 -0.51 0.92 -0.71 0.68 24 X Y 201005111217A  
95.77 4.71 88 0.63 0.58 -1.22 0.55 -0.43 -1.12 24 X Y 201006030924A  
91.65 7.85 33 0.77 -1.76 0.99 0.23 -1.00 -0.63 27 X Y 201006121926A  
91.82 7.71 12 -0.63 -4.01 4.64 -1.98 -2.81 -4.72 23 X Y 201006130626A  
91.92 7.98 19 -6.26 0.29 5.97 4.76 -0.21 -0.65 23 X Y 201006130705A  
91.67 7.41 12 0.26 -3.13 2.87 -1.29 -1.21 -1.23 23 X Y 201006152324A  
91.85 7.69 15 -0.23 -1.33 1.56 -0.15 -0.29 -1.42 24 X Y 201006240408A  
91.96 7.72 17 0.19 -2.79 2.60 -0.93 -1.49 0.14 23 X Y 201006241706A  
91.85 7.65 14 -1.71 -3.77 5.48 -0.34 -1.19 -5.74 23 X Y 201006250729A  
96.68 1.09 36 5.20 -1.14 -4.06 2.36 -2.49 2.57 23 X Y 201007011521A  
96.85 1.18 23 3.83 -1.42 -2.41 2.86 -3.09 1.85 23 X Y 201007130426A  
96.45 2.01 24 0.58 -0.29 -0.29 0.66 -0.53 0.30 25 X Y 201008210542A  
94.24 7.73 20 0.04 -4.29 4.25 -0.60 -0.16 3.28 24 X Y 201009111143A  
96.74 1.65 17 0.40 -0.25 -0.15 0.76 -0.59 0.13 24 X Y 201009282344A  
94.62 4.78 48 3.75 -1.76 -1.99 1.95 -1.20 1.88 23 X Y 201009291133A  
94.60 4.84 45 0.75 -0.41 -0.34 0.41 -0.24 0.46 24 X Y 201009300954A  
95.19 3.60 32 1.95 0.08 -2.03 0.76 -3.08 1.19 23 X Y 201010151243A  
94.51 6.68 84 0.89 -1.01 0.11 0.39 -0.29 -0.68 24 X Y 201010161951A  
95.70 6.56 258 -1.15 2.68 -1.53 1.21 -1.64 1.90 23 X Y 201011212251A  
95.91 3.81 44 2.15 -0.70 -1.45 0.53 -1.27 1.83 23 X Y 201012142001A  
94.55 5.27 53 3.10 -1.61 -1.49 1.60 -1.02 2.46 23 X Y 201012182256A  
95.59 2.44 23 3.70 -2.04 -1.66 4.40 -4.12 2.14 24 X Y 201012211407A  
95.86 3.58 40 1.92 -1.25 -0.67 0.47 -0.27 0.56 24 X Y 201012230001A  
90.37 4.20 14 0.05 -1.24 1.19 -0.69 -0.99 -1.78 24 X Y 201101070310A  
96.13 2.26 17 2.57 -1.50 -1.07 3.32 -3.38 1.26 24 X Y 201101151123A  
96.22 2.30 12 0.70 -0.43 -0.27 1.16 -1.59 0.33 24 X Y 201101151626A  
96.17 2.38 15 0.31 -0.18 -0.12 0.71 -0.66 0.14 25 X Y 201101181133A  
95.34 2.48 36 5.00 -3.55 -1.45 3.72 -2.90 4.34 23 X Y 201101220734A  
95.32 2.74 15 1.20 -0.73 -0.47 2.83 -3.45 0.68 24 X Y 201101220738A  
96.52 1.87 23 0.75 -0.43 -0.32 0.66 -0.79 0.38 25 X Y 201101261542A  
96.55 1.49 40 1.81 -1.25 -0.57 0.85 -1.17 1.71 23 X Y 201101281545A  
97.77 1.86 44 0.67 -0.26 -0.41 0.44 -0.26 0.36 24 X Y 201102182312A  
97.36 0.79 31 6.18 -2.39 -3.80 0.22 -1.78 1.19 23 X Y 201103190233A  
96.82 1.40 24 5.24 -2.01 -3.23 4.30 -3.83 2.40 24 X Y 201104061401A  
96.04 3.97 75 -0.17 0.83 -0.66 0.79 0.19 -1.39 24 X Y 201104290856A  
92.63 9.69 48 -0.82 -0.65 1.47 -0.48 -1.58 -0.04 24 X Y 201106030727A  
96.76 1.20 13 -1.97 0.70 1.27 1.67 -1.33 -0.54 23 X Y 201106070254A  
96.70 1.22 12 -0.59 0.27 0.32 0.89 -0.32 -0.25 24 X Y 201106081632A  
96.87 1.24 24 0.75 -0.28 -0.47 0.41 -0.46 0.29 24 X Y 201107041900A  
96.93 0.12 19 -1.61 1.26 0.34 0.66 0.45 -1.18 23 X Y 201107210648A  
94.95 4.48 51 2.41 -1.60 -0.80 1.14 -0.84 0.99 23 X Y 201108210818A  
96.28 2.16 32 2.62 -1.87 -0.75 1.70 -1.00 1.35 23 X Y 201108310308A  
97.86 2.88 95 -0.28 0.24 0.04 0.86 -0.98 -0.39 26 X Y 201109051755A  
96.10 2.46 31 -0.01 -0.44 0.45 -0.18 -0.79 -1.55 24 X Y 201110161716A  
97.65 0.06 24 1.19 -0.51 -0.67 1.01 -0.87 0.60 24 X Y 201111271101A  
94.01 7.90 12 -1.84 -0.19 2.02 1.55 -1.04 0.57 24 X Y 201111301942A  
94.12 7.90 15 -4.20 0.33 3.87 2.10 -3.84 0.88 23 X Y 201112021937A  
94.11 7.84 16 -1.95 -1.28 3.23 3.66 -3.91 1.21 23 X Y 201112161547A  
96.46 4.49 12 -0.05 -1.35 1.40 -0.87 -0.08 -0.38 24 X Y 201201011809A  
92.98 2.59 24 -0.51 -2.96 3.47 -1.07 -0.90 -6.68 26 X Y 201201101837A  
93.18 2.45 12 0.04 -0.94 0.90 -1.09 -2.49 -2.53 23 X Y 201201111156A  
96.18 2.01 33 0.56 -0.40 -0.17 0.42 -0.42 0.41 24 X Y 201201132003A  
93.03 2.73 12 -0.30 -1.27 1.57 -1.70 -3.76 -5.64 23 X Y 201201270954A  
96.46 1.88 23 0.70 -0.36 -0.34 0.37 -0.65 0.35 24 X Y 201201281447A  
92.85 6.28 21 -2.96 0.87 2.09 -0.22 -0.07 -0.84 23 X Y 201202151831A  
94.25 5.00 35 5.14 0.49 -5.63 1.74 -5.97 1.28 23 X Y 201202221202A  
97.09 4.17 13 -0.28 -2.12 2.40 -1.75 -2.31 -3.17 23 X Y 201203050655A  
93.88 8.58 13 -0.97 -0.44 1.41 0.16 -0.46 0.29 24 X Y 201203060252A  
95.08 4.36 51 2.92 -2.36 -0.57 1.50 -1.72 1.95 23 X Y 201203302202A  
94.56 5.18 49 2.34 -1.17 -1.17 1.15 -0.84 1.55 23 X Y 201203311238A  
92.82 2.35 46 0.13 -0.62 0.49 -0.18 0.10 -0.69 29 X Y 201204110838A  
92.31 0.90 55 0.55 -1.90 1.35 -0.34 -0.29 -2.36 28 X Y 201204111043A  
89.55 2.83 12 1.07 -4.96 3.89 -0.56 -4.24 0.59 24 X Y 201204112251A  
89.68 1.75 14 0.28 -1.92 1.64 0.15 -3.70 -5.75 24 X Y 201204112356A  
93.43 2.42 32 0.17 -0.76 0.60 -0.35 -0.40 -0.45 24 X Y 201204121309A  
93.63 3.31 12 5.94 -1.99 -3.96 -3.13 1.30 1.87 23 X Y 201204121446A  
92.84 3.52 19 -2.65 0.44 2.21 1.16 -0.35 0.15 23 X Y 201204121926A  
92.69 3.68 12 -0.12 -0.50 0.62 -0.32 -0.75 -1.27 24 X Y 201204122022A  
91.86 1.05 12 0.12 -1.98 1.86 0.22 -1.50 -0.62 23 X Y 201204130317A  
91.04 1.53 12 0.16 -2.53 2.37 -1.28 -2.67 -1.42 23 X Y 201204130449A  
89.93 3.37 12 -0.14 -0.41 0.55 -0.68 -1.19 -2.84 23 X Y 201204131248A  
92.16 1.01 12 0.06 -1.59 1.53 -0.31 -1.77 -0.67 23 X Y 201204131509A  
92.25 0.40 12 -0.08 -0.54 0.62 -0.45 -1.10 -0.92 23 X Y 201204140203A  
92.16 0.21 12 1.49 -0.80 -0.69 -0.92 -0.15 -0.69 24 X Y 201204141521A  
94.36 2.75 22 2.06 -2.26 0.20 -0.30 2.72 1.65 23 X Y 201204142110A  
90.31 2.49 33 -0.06 -1.45 1.51 -1.44 -0.47 -2.32 25 X Y 201204150557A  
90.95 1.70 20 -0.09 -1.82 1.91 -1.40 -0.23 0.57 23 X Y 201204151357A  
92.50 0.81 28 0.10 -0.29 0.20 -0.30 -0.30 -1.15 24 X Y 201204160946A  
92.24 0.18 12 0.63 -2.68 2.05 -1.61 -3.11 -3.83 23 X Y 201204161605A  
90.93 1.45 12 0.24 -1.39 1.15 -0.23 -1.80 -1.70 23 X Y 201204190630A  
93.71 3.32 12 4.38 -0.87 -3.52 -2.83 1.05 2.05 23 X Y 201204201934A  
93.65 3.28 12 4.97 -0.88 -4.08 -1.53 -0.08 2.47 24 X Y 201204202219A  
93.73 3.15 12 5.27 -0.47 -4.80 -0.13 0.64 4.68 24 X Y 201204202229A  
93.36 2.22 41 5.35 -6.76 1.40 1.50 -3.44 -2.63 24 X Y 201204202314A  
93.58 3.42 12 2.30 -0.64 -1.65 -1.91 0.02 0.90 23 X Y 201204211104A  
91.72 1.29 12 0.23 -3.95 3.72 -2.21 -3.06 -1.95 23 X Y 201204220317A  
94.06 8.88 13 -1.00 -1.79 2.79 -1.00 0.37 2.47 24 X Y 201204241457A  
91.83 1.09 15 0.32 -6.10 5.78 -5.15 -1.36 0.70 23 X Y 201204241943A  
94.07 8.89 17 -1.90 -4.31 6.21 -3.43 -1.09 3.73 24 X Y 201204250742A  
94.11 8.82 20 -2.41 -0.68 3.10 -1.64 -1.57 1.15 23 X Y 201204251630A  
94.39 2.55 12 1.41 -0.83 -0.58 -0.19 -0.37 0.71 24 X Y 201204261921A  
89.70 2.29 17 0.25 -1.37 1.12 0.34 -1.59 -1.67 23 X Y 201204290213A  
93.83 1.89 37 -0.10 -0.52 0.62 -0.42 -0.10 -0.67 24 X Y 201204290300A  
92.49 1.93 39 -0.61 -3.01 3.62 3.14 -1.81 -2.96 23 X Y 201204290352A  
94.27 2.60 12 3.98 -2.40 -1.58 0.10 -1.94 2.25 24 X Y 201204290809A  
89.60 1.73 12 -0.20 -4.37 4.57 -1.86 -1.46 -1.20 24 X Y 201204300800A  
92.98 3.34 12 -0.51 -4.98 5.49 -2.32 -2.38 -1.74 23 X Y 201204302140A  
94.47 2.61 23 2.00 -2.07 0.06 -0.94 0.92 2.20 23 X Y 201205031338A  
92.60 3.93 15 -0.05 -0.88 0.93 -0.52 -1.27 -1.21 23 X Y 201205031441A  
89.74 2.02 17 -0.47 -3.10 3.57 1.01 -2.39 -4.19 23 X Y 201205041623A  
87.97 4.85 12 -0.08 -1.97 2.06 -0.70 -1.18 0.25 23 X Y 201205051208A  
92.59 4.00 12 -0.23 -0.33 0.56 -0.67 -1.20 -2.35 23 X Y 201205060819A  

------------------------------------------------------------------------


    More solutions
    <http://www.globalcmt.org/cgi-bin/globalcmt-cgi-bin/CMT5/form?itype=ymd&yr=1976&mo=1&day=1&otype=ymd&oyr=2019&omo=2&oday=2&jyr=1976&jday=1&ojyr=1976&ojday=1&nday=1&lmw=0&umw=10&lms=0&ums=10&lmb=0&umb=10&llat=0&ulat=10&llon=87&ulon=98&lhd=0&uhd=1000&lts=-9999&uts=9999&lpe1=0&upe1=90&lpe2=0&upe2=90&list=6&start=36967>
    with same search criteria

------------------------------------------------------------------------

See the CMT project <http://www.globalcmt.org/> web page for more
information on CMTs.

------------------------------------------------------------------------

Please email comments
<mailto:Meredith%20Nettles%20<nettles@ldeo.columbia.edu>>.
Last modified: 2011-06-29

