
  Global CMT Catalog


    Search criteria:

Start date: 1976/1/1   End date: 2019/2/2
0 <=lat<= 10          87 <=lon<= 98 
0 <=depth<= 1000         -9999 <=time shift<= 9999
0 <=mb<= 10        0<=Ms<= 10           0<=Mw<= 10
0 <=tension plunge<= 90         0 <=null plunge<= 90


    Results

Output in GMT <http://www.soest.hawaii.edu/gmt/> psvelomeca (old) format
Columns: lon lat str1 dip1 rake1 str2 dip2 rake2 sc iexp name

96.24 3.18 338 28 99 147 62 85 3.550 26 062076A        
95.58 4.26 78 19 -140 310 78 -76 4.150 25 052577B        
95.67 3.31 87 50 -176 354 87 -40 1.430 25 120377A        
93.79 6.26 275 68 16 179 75 158 6.310 23 060778A        
95.28 4.14 173 27 -50 309 70 -109 4.960 24 121878C        
96.14 4.88 49 32 48 276 67 113 7.250 24 031679B        
94.14 7.47 55 13 77 249 77 93 4.670 23 060879A        
94.24 1.23 284 88 -179 194 89 -2 2.210 26 092979A        
91.09 6.48 14 76 -7 106 83 -166 2.440 24 101679D        
92.57 6.35 308 35 38 186 69 119 4.450 24 021980B        
97.60 3.90 72 80 5 341 85 170 1.470 25 040180B        
97.71 1.38 301 23 86 126 67 92 13.720 24 011181B        
93.78 6.50 87 69 9 353 81 159 2.900 25 012082A        
93.71 6.81 1 77 172 93 83 13 1.910 25 012082B        
94.68 5.81 94 72 168 188 78 19 4.610 24 021382A        
96.85 1.92 281 22 51 143 73 104 3.310 24 032282B        
94.10 7.40 81 79 0 351 90 169 1.110 24 040882C        
94.39 7.61 19 23 -98 208 68 -86 2.250 24 052282A        
96.34 1.64 299 51 -144 184 63 -46 1.320 24 103182A        
94.84 5.36 169 32 -44 298 68 -115 6.960 23 013083B        
94.65 5.72 207 51 51 78 53 127 3.410 26 040483A        
94.75 5.81 83 44 132 211 59 57 4.760 24 070283A        
87.29 2.76 132 23 146 254 77 71 1.640 24 082183B        
93.15 8.00 199 43 -43 324 62 -124 6.700 23 091783A        
95.10 4.60 182 45 -25 289 73 -132 14.720 24 091783B        
96.99 3.60 130 21 -78 297 70 -95 2.950 24 052984A        
94.76 7.37 144 72 176 235 87 18 5.440 23 010485B        
93.37 8.31 348 82 178 78 88 8 2.570 24 042585C        
95.45 5.86 145 61 176 237 86 29 11.370 23 070585D        
94.01 8.81 346 86 -178 256 88 -4 10.100 24 012886B        
94.94 4.26 61 43 29 308 71 129 1.040 24 042986C        
93.50 9.44 118 45 154 227 72 48 7.780 24 060286D        
97.48 1.86 345 38 120 129 58 69 8.450 23 061486B        
94.40 7.90 263 27 -132 128 70 -71 8.910 24 061986D        
96.09 4.74 118 68 166 214 77 22 1.380 24 090886A        
94.87 6.86 274 79 0 4 90 -169 6.620 24 120786A        
94.51 4.01 176 46 -25 284 72 -133 5.010 24 061087C        
95.24 4.31 192 71 0 102 90 161 7.440 23 101487F        
94.38 4.72 141 36 130 275 63 65 7.320 24 040388A        
97.16 1.87 349 4 139 119 88 87 1.690 24 122088A        
95.21 4.65 56 34 -152 303 75 -59 8.540 23 122788A        
92.04 6.28 291 71 -176 200 87 -19 6.250 24 021089C        
94.68 7.75 62 66 16 326 76 156 1.260 24 021889B        
94.47 7.65 138 58 -172 43 83 -32 9.970 23 021989A        
95.13 6.90 56 49 -2 148 89 -139 6.170 23 050389D        
95.80 5.13 169 54 28 62 68 141 2.950 24 072089A        
96.22 4.99 309 62 177 40 88 28 9.250 23 073089C        
95.92 2.66 345 28 126 125 67 72 11.670 23 080289B        
95.93 3.55 313 27 89 133 63 90 2.530 25 012290D        
94.50 8.05 332 73 -178 241 88 -17 2.550 24 043090C        
95.40 3.32 171 38 125 310 60 66 4.710 23 073190C        
93.86 7.75 185 73 180 275 90 17 1.190 25 081890C        
97.52 4.02 122 67 178 212 88 23 1.190 26 111590A        
97.36 3.44 85 51 41 326 59 132 5.260 23 111890A        
97.49 3.64 87 29 66 294 64 103 2.040 24 111890B        
93.93 8.14 347 86 179 77 89 4 1.500 25 122990A        
93.48 7.41 219 43 0 309 90 -133 8.720 23 030891A        
94.29 8.37 73 87 1 342 89 177 2.060 24 071891D        
95.83 3.90 132 13 -38 260 82 -100 3.270 24 072391C        
95.11 3.66 120 44 86 306 47 94 3.670 24 080691A        
95.29 7.14 56 72 8 323 82 162 5.200 24 082691F        
94.54 7.30 327 71 -168 233 78 -20 7.700 24 082691G        
95.03 6.97 317 59 170 52 81 31 10.380 23 082691H        
93.30 8.87 227 71 1 137 89 161 5.080 23 031792B        
93.50 9.22 137 58 164 235 76 33 1.110 25 120892E        
97.56 3.04 115 19 -98 303 72 -87 1.830 25 012093B        
94.80 6.55 283 53 143 38 61 43 8.130 24 082893C        
95.92 2.85 306 9 85 132 81 91 3.090 25 090193F        
98.00 1.73 272 27 51 135 69 108 11.270 23 110193A        
94.37 7.70 148 85 177 238 87 5 6.990 24 052594H        
93.63 8.03 350 58 -154 246 68 -35 6.230 23 100294A        
96.00 2.63 276 24 59 129 69 103 1.850 25 103194B        
97.30 4.33 217 29 15 113 83 119 12.230 24 112094L        
97.65 1.32 89 13 -130 310 80 -81 12.910 23 022695A        
95.63 2.78 299 27 79 131 64 95 1.700 24 031495D        
95.62 2.91 320 29 110 117 63 79 5.460 23 060395B        
94.98 3.64 120 38 -99 311 52 -83 5.140 23 063095E        
93.97 9.18 195 62 -156 93 69 -30 7.980 23 072795D        
94.77 2.00 192 77 0 102 90 167 2.650 26 110895A        
95.72 2.85 285 25 63 135 68 102 5.770 24 112295C        
94.63 7.25 331 86 -178 241 88 -4 6.050 24 041296A        
94.57 7.28 146 87 -179 56 89 -3 1.250 24 041396A        
93.87 8.65 82 84 3 351 87 174 8.140 23 062596A        
95.52 3.04 324 29 105 127 62 82 8.580 23 091396D        
95.38 5.85 61 40 1 330 89 130 6.580 23 092196P        
97.78 3.43 54 88 -1 144 89 -178 2.730 25 101096F        
93.30 9.06 92 81 -4 182 86 -171 9.450 23 011197C        
97.12 3.04 95 19 -140 327 78 -76 2.360 24 061197F        
97.00 0.50 269 24 36 145 76 110 2.300 24 070797C        
97.16 0.86 294 15 68 137 76 96 7.240 24 070797D        
96.66 4.50 25 75 -4 116 87 -165 11.110 24 082097B        
94.74 6.55 196 86 4 106 86 176 4.120 23 082697F        
94.45 7.02 117 25 135 250 73 72 5.520 23 111797G        
93.63 9.38 111 60 149 218 64 33 12.710 23 011298K        
92.98 1.62 108 70 -169 14 80 -20 2.290 24 030698A        
94.42 7.43 240 80 8 149 82 170 1.260 24 080998A        
94.39 7.58 237 84 0 147 90 174 9.420 24 081098A        
94.34 7.73 156 78 -180 66 90 -12 12.360 23 101598C        
95.16 3.96 93 43 -152 341 71 -51 6.200 24 020499F        
95.98 5.02 34 67 0 304 90 157 2.190 24 021599C        
96.32 3.08 237 11 27 121 85 100 1.300 24 022499D        
90.13 3.64 117 82 -178 26 88 -8 2.200 24 052599C        
93.49 5.12 264 79 -11 356 79 -169 4.110 23 062299C        
97.26 4.56 275 13 98 87 77 88 3.170 24 072199D        
93.52 8.88 187 58 167 285 79 33 8.240 23 082999B        
94.56 7.05 54 67 -5 146 85 -157 7.170 23 121899A        
97.68 1.40 34 25 82 223 66 94 5.000 23 010600A        
96.31 4.99 44 63 -4 135 86 -153 2.190 24 031000D        
96.62 4.50 296 71 165 31 75 19 6.920 23 071900A        
92.99 4.07 192 86 4 102 86 176 10.770 23 080100F        
94.63 5.77 96 69 -175 5 86 -21 3.610 24 081700D        
96.28 1.22 308 33 83 137 57 95 10.670 24 090100C        
94.92 4.17 147 69 158 245 69 22 3.810 23 090400A        
95.51 6.50 15 65 -168 280 79 -25 3.650 24 090900A        
92.97 9.97 193 23 126 335 72 76 2.610 24 110500C        
97.68 0.34 272 21 45 139 75 105 5.120 23 030701C        
94.08 8.76 250 81 -2 341 88 -171 1.350 24 031501A        
94.11 8.79 348 81 -178 258 88 -9 10.350 24 031501B        
97.52 0.06 307 19 87 130 71 91 6.870 24 051801A        
94.53 6.06 143 71 -179 52 89 -19 1.740 24 081201E        
94.20 5.21 331 41 -126 195 58 -63 4.610 24 103101G        
97.85 2.01 257 23 65 103 69 100 8.030 23 010402F        
95.57 3.35 268 28 30 151 76 115 7.220 23 012202C        
95.43 3.43 311 44 95 124 46 85 1.240 24 012402C        
95.48 3.57 118 44 84 307 47 96 10.090 23 012402D        
95.52 3.37 299 45 87 124 45 93 2.770 24 012402F        
95.68 3.48 51 25 62 262 68 103 4.240 23 012502C        
93.40 8.23 122 53 142 237 61 43 4.930 23 080602A        
94.44 6.00 197 43 18 94 78 132 4.210 24 102402V        
95.99 2.65 297 16 73 135 75 95 9.010 26 110202B        
96.05 2.89 303 13 56 158 79 98 3.260 25 110202J        
95.74 2.86 297 18 81 127 72 93 2.430 24 111302E        
96.11 2.51 242 47 2 150 88 137 8.430 23 113002B        
94.54 8.54 325 70 174 58 84 20 3.510 23 121302A        
97.54 4.07 71 12 -132 293 81 -82 11.640 23 122702A        
93.89 8.00 271 70 -7 3 84 -160 7.847 23 011703E        
94.32 7.80 237 85 -5 327 85 -174 6.543 23 013003C        
94.88 4.04 193 47 156 300 72 46 6.580 23 020203C        
95.76 2.77 239 29 1 148 89 119 6.731 23 062803A        
93.42 6.79 5 49 148 117 67 46 2.677 24 072103F        
95.90 5.36 274 40 175 8 87 50 8.015 24 090503A        
96.38 1.85 305 14 78 138 77 93 4.847 24 091003A        
97.57 4.74 103 62 25 1 68 150 8.894 23 091303G        
96.12 2.16 247 40 36 128 68 124 5.230 23 091503A        
94.69 4.48 130 17 154 245 83 75 5.255 23 122903E        
93.83 7.13 254 48 22 149 74 136 2.302 23 022304A        
94.10 8.80 157 80 173 249 83 10 0.984 24 041504F        
94.15 8.85 163 40 -156 54 75 -53 3.904 23 041504I        
94.14 8.88 156 78 -174 64 84 -12 2.833 24 041604A        
94.05 8.90 149 72 176 240 86 18 1.988 23 041604D        
97.58 0.18 322 14 102 130 76 87 1.539 25 051104B        
93.81 7.40 223 76 14 130 76 165 2.974 23 051804A        
97.36 1.07 267 41 38 146 66 125 4.982 23 071704E        
93.61 9.56 138 49 161 240 76 42 1.056 24 111704D        
97.83 1.86 335 28 114 128 65 78 1.247 24 112704G        
94.26 3.09 329 8 110 129 83 87 3.953 29 122604A        
92.79 6.61 351 27 121 137 67 75 7.227 26 122604B        
92.45 8.58 333 38 82 163 53 96 0.977 26 122604C        
94.11 8.91 272 40 115 61 54 70 3.865 25 122604D        
94.31 2.57 307 35 83 136 56 95 0.862 25 122604G        
94.17 3.47 96 48 33 343 67 133 1.069 25 122604I        
94.32 3.61 289 37 -73 88 55 -102 1.696 24 122604J        
94.11 3.83 304 38 -91 126 52 -89 2.361 24 122604L        
94.04 2.59 342 34 139 108 68 63 1.759 25 122604N        
93.76 4.37 96 36 -131 323 64 -65 7.249 23 122704A        
94.33 5.36 318 24 87 142 66 92 4.843 24 122704B        
92.29 8.25 139 39 -109 342 53 -75 1.859 24 122704C        
93.69 8.98 173 46 -121 34 52 -62 1.290 24 122704D        
94.95 3.20 288 34 75 126 58 100 5.855 23 122704F        
92.73 6.68 350 47 110 142 47 70 4.151 23 122704G        
94.29 8.07 223 32 -23 333 78 -120 6.249 23 122704H        
93.41 6.20 284 64 -161 185 73 -27 7.749 23 122704J        
93.19 5.94 112 47 -171 16 84 -44 7.285 23 122704K        
92.01 8.04 118 61 -173 24 84 -30 7.886 23 122704L        
93.45 7.60 283 45 31 171 69 131 4.018 23 122704M        
95.42 2.95 174 7 -43 307 85 -95 3.311 24 122704N        
94.42 2.48 305 33 82 134 57 95 2.039 24 122704O        
94.48 5.20 314 31 89 135 59 91 0.911 24 122704P        
93.13 6.26 352 49 148 104 66 46 2.904 24 122704Q        
94.48 5.21 320 21 97 133 69 87 1.307 25 122704R        
92.74 7.65 326 44 119 109 52 65 3.701 24 122704S        
95.00 4.47 310 30 88 132 60 91 4.653 24 122704T        
92.35 7.88 155 25 -126 14 70 -74 5.192 23 122704W        
93.90 8.63 215 34 -23 325 77 -122 6.873 23 122704Y        
94.19 4.65 99 41 -132 329 61 -60 3.426 23 122704b        
93.21 5.65 178 30 -71 335 62 -101 7.030 23 122704c        
94.42 2.61 311 25 74 149 66 98 0.963 24 122704d        
94.21 8.81 151 65 174 243 84 26 4.146 23 122704e        
93.32 3.68 315 14 -43 87 81 -100 1.626 24 122704f        
92.41 8.95 111 61 169 206 80 30 3.531 23 122704h        
92.14 7.51 125 56 -141 10 59 -41 6.599 23 122704i        
93.93 8.72 177 24 -79 344 66 -95 1.043 24 122704j        
95.49 2.92 155 45 106 313 47 75 4.882 24 122704k        
91.78 7.04 10 74 -11 103 79 -164 4.644 24 122704l        
93.80 8.93 178 30 -83 350 60 -94 0.866 24 122704m        
92.84 5.45 20 76 176 111 86 14 6.186 23 122704n        
93.87 2.93 122 41 53 347 58 117 2.416 23 122704o        
93.12 9.72 275 47 -67 63 48 -113 2.963 23 122704p        
91.89 8.19 182 27 -56 325 68 -106 1.162 24 122704q        
93.13 8.89 336 38 78 171 53 100 5.260 23 122804A        
94.32 7.61 143 82 -174 52 84 -8 2.091 24 122804B        
92.88 6.71 271 42 83 100 48 96 3.544 23 122804C        
93.77 9.48 199 37 -74 0 55 -101 1.581 24 122804D        
95.04 4.39 304 26 81 135 64 94 4.596 24 122804G        
93.77 4.14 147 43 -79 313 48 -100 2.381 23 122804H        
93.01 6.73 101 43 33 345 68 128 1.951 23 122804I        
96.18 5.05 146 62 -167 50 79 -29 4.415 23 122804J        
95.06 4.49 184 74 8 92 82 163 4.113 23 122804K        
93.68 3.24 142 39 81 334 51 98 2.617 23 122804L        
93.99 9.90 331 87 179 62 89 3 1.201 24 122804M        
92.20 8.33 146 66 162 243 74 25 2.637 23 122804N        
93.76 9.44 199 38 -76 1 54 -101 6.560 23 122804O        
94.33 3.54 327 66 168 62 79 25 5.414 23 122804R        
93.78 9.06 205 37 -49 338 63 -116 1.500 24 122804S        
94.60 3.41 99 36 -148 342 72 -59 4.216 23 122804T        
92.86 6.60 294 30 58 150 65 107 6.311 23 122804V        
93.02 8.22 318 16 60 170 76 98 7.683 24 122904B        
93.97 9.12 220 42 -46 347 61 -122 1.303 25 122904C        
93.24 8.74 278 9 -173 181 89 -81 6.783 24 122904D        
93.90 9.55 210 30 -61 358 64 -105 1.205 24 122904E        
92.99 9.29 53 48 120 192 50 61 3.817 23 122904G        
94.82 5.01 35 8 167 138 88 82 9.512 23 122904H        
93.81 7.61 47 46 -122 269 52 -61 3.384 23 122904I        
95.32 2.60 291 15 57 145 77 98 1.331 24 122904J        
93.80 3.19 156 31 96 330 59 86 5.388 23 122904N        
94.53 5.36 330 30 99 139 61 85 5.292 23 122904O        
94.13 5.33 323 28 98 135 62 86 1.530 24 122904Q        
94.61 5.13 76 34 -162 331 80 -58 2.555 24 122904R        
93.78 7.67 79 44 -89 257 46 -91 1.951 23 122904S        
92.14 7.84 109 57 -179 18 89 -33 8.239 23 122904T        
94.22 4.11 144 31 -64 294 63 -105 7.643 23 123004A        
94.27 4.24 187 44 -70 340 49 -108 2.128 23 123004C        
92.31 9.15 321 41 -125 184 58 -64 2.832 23 123004E        
94.35 5.86 255 6 17 148 88 96 4.650 23 123004F        
94.29 5.34 330 26 104 135 65 83 6.680 23 123004G        
92.60 9.18 112 38 -158 4 76 -54 1.520 23 123004H        
92.93 6.77 169 24 -57 313 70 -104 0.957 24 123004L        
94.24 2.51 334 45 118 117 51 64 2.897 23 123004O        
94.28 5.12 330 28 101 138 62 84 1.414 24 123004P        
94.30 5.24 324 40 113 115 54 72 2.547 23 123004Q        
92.43 7.10 319 44 75 160 48 104 1.498 25 123104A        
95.31 4.20 245 2 28 127 89 92 6.346 23 123104C        
93.46 5.32 172 23 49 36 73 106 2.230 23 123104D        
94.00 7.62 358 47 -133 232 58 -53 2.980 24 123104E        
94.57 4.85 324 31 99 134 60 85 6.731 23 123104F        
92.80 6.03 359 39 143 119 68 57 1.131 25 123104H        
95.17 3.12 124 41 100 291 50 81 1.184 24 123104J        
94.66 4.79 316 28 94 131 62 88 1.203 24 123104K        
93.99 7.56 197 37 -92 20 53 -89 2.794 23 123104L        
95.09 4.68 326 3 100 137 87 90 9.440 24 123104M        
92.79 6.92 167 34 -97 356 57 -85 3.214 23 123104N        
94.06 9.41 143 82 -177 53 87 -8 0.916 24 123104P        
93.96 7.24 282 48 -23 28 73 -136 3.681 23 200501010142A  
92.46 7.08 205 55 -37 318 60 -139 6.380 23 200501010143A  
95.42 2.54 298 15 68 140 76 96 4.334 24 200501010155A  
94.29 5.36 335 23 112 131 69 81 3.831 24 200501010403A  
92.22 4.97 111 68 -173 18 84 -22 1.199 26 200501010625A  
94.51 4.75 337 29 70 180 63 101 0.814 24 200501011015A  
93.32 8.14 308 7 54 164 85 94 2.195 24 200501011429A  
94.49 7.15 63 77 -13 156 78 -167 1.715 25 200501011908A  
92.56 7.12 290 33 38 167 70 117 5.792 23 200501012223A  
92.61 7.02 301 30 57 158 66 107 2.198 24 200501012228A  
92.42 8.33 111 67 171 204 82 23 7.542 23 200501012240A  
96.33 2.74 289 33 62 141 61 107 2.735 23 200501012340A  
95.32 3.18 123 39 108 281 53 76 5.582 24 200501020827A  
94.31 5.41 349 21 122 135 72 78 1.136 24 200501021212A  
92.57 6.26 338 26 86 162 64 92 4.227 25 200501021535A  
94.15 5.22 11 21 133 146 75 75 4.598 23 200501021935A  
96.76 4.52 117 62 -166 21 78 -29 4.375 23 200501031745A  
93.16 4.45 182 54 -32 293 64 -139 3.057 23 200501040204A  
93.02 7.08 292 52 -128 164 52 -52 1.628 23 200501040418A  
94.69 3.99 270 45 -80 76 46 -99 2.999 23 200501040958A  
93.64 8.83 199 20 -112 43 72 -82 2.499 23 200501041215A  
94.43 3.86 88 61 -170 353 81 -29 3.385 23 200501041234A  
93.10 6.46 256 52 38 140 61 135 2.454 23 200501041256A  
93.79 4.40 91 40 -137 326 64 -59 3.880 23 200501041518A  
94.69 4.61 316 28 88 138 62 91 0.855 24 200501041826A  
94.29 5.17 323 20 73 162 71 96 7.277 23 200501041908A  
93.58 3.47 159 43 105 319 49 76 5.217 23 200501050532A  
92.99 6.59 305 32 71 147 60 101 4.517 23 200501051231A  
94.63 5.20 329 33 103 134 58 82 0.872 24 200501051434A  
94.24 5.32 326 21 95 141 69 88 8.748 24 200501051454A  
93.09 5.53 327 39 -105 166 53 -78 1.856 24 200501060011A  
91.80 6.87 15 78 -4 106 86 -168 1.625 24 200501060029A  
94.60 5.02 327 29 102 133 62 83 3.712 24 200501060056A  
91.85 6.91 108 81 -178 18 88 -9 1.022 24 200501060452A  
93.24 5.46 339 36 -69 134 56 -105 2.002 23 200501070759A  
93.61 8.89 218 48 -61 358 50 -119 0.863 24 200501071049A  
94.76 4.69 55 9 150 175 86 83 5.903 23 200501080558A  
92.69 3.48 105 52 -168 8 81 -38 6.497 23 200501081459A  
92.29 7.39 313 30 66 160 63 103 1.001 24 200501090159A  
94.14 3.20 100 44 -112 310 50 -70 0.797 24 200501091716A  
94.94 4.63 311 22 88 133 68 91 1.137 25 200501092212A  
93.91 9.56 23 77 -11 115 79 -167 2.395 23 200501100104A  
95.43 2.42 313 32 111 108 60 77 2.028 23 200501100219A  
93.85 8.16 19 43 -117 233 53 -67 2.512 23 200501110549A  
94.63 4.74 316 30 93 132 60 88 3.382 23 200501112146A  
94.51 5.33 324 28 99 135 62 85 1.430 24 200501121358A  
94.41 5.16 338 25 97 150 65 87 5.048 23 200501121844A  
94.03 5.43 356 40 124 135 57 65 1.362 23 200501130852A  
93.29 8.53 277 24 178 9 89 66 5.878 23 200501141622A  
95.07 4.45 303 30 79 135 60 96 4.277 23 200501141708A  
93.81 3.01 306 44 77 143 47 102 2.831 24 200501142138A  
95.98 2.68 4 67 159 102 71 25 2.424 23 200501151644A  
95.92 3.58 300 36 75 138 55 101 4.169 23 200501170253A  
93.97 8.34 173 82 -173 82 83 -8 2.282 23 200501182204A  
92.55 3.68 113 53 -160 11 74 -39 3.381 23 200501191609A  
93.20 6.42 354 30 -90 174 60 -90 6.424 23 200501201926A  
93.33 5.41 333 39 -83 143 52 -96 2.583 23 200501210522A  
97.42 1.37 316 36 110 112 56 76 2.142 23 200501210836A  
94.06 3.40 115 49 48 350 56 128 3.046 23 200501220918A  
93.96 3.58 120 46 39 0 63 129 2.828 23 200501220924A  
94.15 3.25 133 38 66 343 56 108 1.216 23 200501221107A  
94.74 4.94 92 59 154 197 68 34 2.936 23 200501221258A  
94.32 2.43 283 46 57 145 53 119 2.986 23 200501230616A  
94.31 2.66 90 63 5 358 86 153 7.530 23 200501232036A  
96.21 4.80 142 78 -170 50 80 -12 1.081 24 200501240039A  
92.40 7.22 112 83 -176 21 86 -8 2.802 25 200501240416A  
94.72 4.54 316 29 82 145 61 94 4.146 23 200501241759A  
94.60 5.15 314 31 92 132 59 89 4.208 23 200501250954A  
96.21 2.69 246 47 20 142 75 135 1.931 23 200501261650A  
94.14 8.20 165 71 -161 69 72 -20 2.523 24 200501261730A  
94.47 2.47 300 31 72 140 60 101 8.136 24 200501262200A  
94.14 7.92 157 70 -180 67 90 -20 1.685 24 200501262246A  
94.23 7.94 158 37 -153 46 74 -56 5.287 23 200501262303A  
94.36 5.07 344 26 92 162 64 89 4.424 23 200501262343A  
94.20 7.94 154 64 -176 62 87 -26 1.411 24 200501270358A  
94.21 7.89 144 49 -179 53 89 -41 5.577 23 200501270402A  
94.18 7.90 155 65 -174 62 85 -25 1.221 24 200501270522A  
94.20 7.99 150 48 -177 58 88 -42 0.922 24 200501270548A  
94.18 7.94 148 39 -153 36 74 -54 3.430 23 200501270614A  
94.17 7.92 166 78 -171 74 81 -12 2.450 24 200501270656A  
94.19 7.95 159 41 -158 52 75 -51 7.059 23 200501270720A  
94.21 7.99 153 62 178 244 88 28 1.059 24 200501270726A  
94.22 7.98 9 54 -139 252 58 -44 5.993 23 200501270728A  
94.20 7.96 260 76 1 170 89 166 8.368 23 200501270735A  
94.25 7.90 142 58 -175 50 86 -32 2.484 23 200501270741A  
94.20 7.93 170 55 -164 71 77 -37 5.988 23 200501270807A  
94.17 7.93 168 83 -178 78 88 -7 2.102 24 200501270819A  
94.22 7.96 138 75 178 229 88 15 0.863 24 200501270831A  
94.21 7.89 162 36 -169 63 83 -55 7.934 23 200501270836A  
94.22 7.83 145 51 -176 53 87 -39 1.770 24 200501270842A  
94.26 8.11 240 43 -27 350 72 -129 6.582 23 200501270911A  
94.16 7.94 172 61 -174 79 85 -29 6.179 23 200501270925A  
94.25 7.87 144 65 177 235 87 25 1.184 24 200501270952A  
94.22 7.98 169 66 -173 76 84 -25 0.952 24 200501270959A  
94.16 7.92 163 54 -162 62 76 -37 0.997 24 200501271008A  
94.26 7.99 141 42 -169 43 83 -49 4.840 23 200501271025A  
94.11 7.91 174 90 180 264 90 0 1.021 24 200501271058A  
94.15 8.02 246 58 -29 353 65 -145 8.736 23 200501271144A  
94.20 7.92 76 86 0 346 90 176 2.087 24 200501271147A  
94.16 7.88 181 39 -143 60 67 -57 4.350 23 200501271156A  
94.28 7.98 184 86 178 274 88 4 1.450 24 200501271211A  
94.14 7.86 152 61 -177 60 87 -29 1.150 24 200501271315A  
94.25 7.92 148 62 -173 55 84 -28 0.979 24 200501271318A  
94.20 7.77 150 69 178 241 88 21 7.206 23 200501271325A  
94.24 7.84 154 67 177 245 87 23 1.000 24 200501271326A  
94.17 7.92 166 79 -177 76 87 -11 1.403 24 200501271354A  
94.16 7.97 155 67 -170 62 81 -23 1.981 24 200501271357A  
94.14 7.95 155 35 -151 41 74 -58 5.685 23 200501271413A  
94.20 7.95 160 62 -175 67 85 -28 5.413 23 200501271435A  
94.21 7.66 268 51 -6 2 85 -140 7.041 23 200501271524A  
94.16 7.94 263 61 -15 1 77 -150 1.003 24 200501271527B  
94.25 7.74 163 52 -154 56 70 -41 0.905 24 200501271534A  
94.18 7.76 162 66 160 261 72 25 4.017 23 200501271600A  
94.25 8.04 171 78 -175 80 85 -12 4.418 23 200501271602A  
94.14 7.94 81 82 -2 171 88 -172 3.166 23 200501271648A  
94.24 7.81 149 78 -174 58 84 -12 5.000 24 200501271658A  
94.25 7.78 156 62 178 247 88 28 1.250 24 200501271724A  
94.17 7.92 187 36 -125 48 61 -67 1.615 24 200501271740A  
94.24 7.85 146 65 -173 53 84 -25 2.742 24 200501271852A  
94.17 7.91 189 42 -125 52 56 -63 1.119 24 200501271920A  
94.20 8.00 165 49 -152 56 69 -45 6.692 23 200501271931A  
94.07 8.16 202 36 -121 58 60 -70 0.859 24 200501271940A  
94.24 5.41 329 20 103 136 70 85 1.762 24 200501272009A  
94.19 8.01 159 58 -165 62 78 -33 5.713 23 200501272017A  
94.19 7.97 167 41 -153 57 73 -52 7.292 23 200501272031A  
94.19 7.89 191 27 -138 63 72 -69 4.062 23 200501272045A  
94.18 8.11 184 81 -172 93 82 -9 8.423 23 200501272051A  
93.70 9.74 57 82 -1 147 89 -172 1.122 24 200501272100A  
94.26 7.99 125 49 -176 32 87 -41 5.715 23 200501272105A  
94.17 7.98 154 57 -163 54 76 -34 7.613 23 200501272132A  
94.17 7.95 211 27 -90 31 63 -90 6.145 23 200501272147A  
94.18 8.00 235 45 -56 12 54 -119 1.186 24 200501272240A  
94.31 8.05 170 40 -145 52 68 -56 3.002 23 200501272256A  
94.20 8.02 155 53 -163 54 77 -39 1.272 24 200501272320A  
94.23 7.89 142 60 160 243 73 32 4.496 23 200501272327A  
94.25 8.00 166 47 -139 45 61 -51 2.679 23 200501272340A  
94.21 7.84 154 62 -175 62 85 -28 0.862 24 200501280015A  
94.17 7.94 198 42 -119 55 54 -66 2.394 23 200501280101A  
94.23 7.96 204 27 -102 38 63 -84 7.742 23 200501280136A  
94.23 7.96 202 37 -97 31 54 -85 3.484 23 200501280143A  
94.20 7.87 144 48 -163 43 78 -43 1.065 24 200501280223A  
94.15 7.99 241 39 -39 4 66 -122 6.984 23 200501280228A  
94.20 8.06 244 54 -45 4 56 -134 1.326 24 200501280331A  
94.23 7.89 164 54 174 258 85 37 6.332 23 200501280434A  
94.18 7.88 144 60 -170 49 82 -30 1.326 24 200501280504A  
94.20 7.82 149 50 -168 51 81 -41 5.503 23 200501280538A  
94.21 7.73 31 64 -29 134 65 -151 1.167 24 200501280606A  
94.17 7.85 143 60 -171 49 82 -30 2.320 24 200501280610A  
94.16 7.79 152 66 -168 57 79 -24 4.431 24 200501280613A  
94.23 7.82 143 60 -168 47 80 -30 2.745 24 200501280749A  
94.17 8.01 217 37 -82 27 54 -96 0.931 24 200501280821A  
94.27 7.82 147 44 -161 43 77 -48 1.103 24 200501280829A  
94.11 7.84 143 55 -177 51 88 -35 0.909 24 200501280847A  
94.21 8.00 160 63 -177 69 88 -27 6.541 23 200501280914A  
93.91 7.66 45 39 -34 163 69 -124 6.565 23 200501281021A  
94.23 7.84 145 67 -170 51 81 -24 1.081 24 200501281153A  
94.22 8.07 233 44 -60 14 53 -116 5.435 23 200501281237A  
94.30 8.12 219 31 -68 14 61 -103 4.514 23 200501281749A  
94.20 7.86 143 61 -167 47 79 -29 1.660 24 200501281918A  
94.23 7.75 155 68 177 246 87 22 1.276 24 200501282229A  
94.01 7.71 224 31 -55 5 65 -109 6.156 23 200501282235A  
94.24 8.05 228 41 -63 14 54 -112 3.780 23 200501282332A  
92.56 7.21 107 40 -157 359 75 -52 0.987 24 200501290113A  
94.23 7.77 159 81 -176 68 86 -9 1.333 24 200501290150A  
94.52 4.84 308 29 78 141 62 96 5.606 23 200501290255A  
94.25 8.09 229 39 -59 11 58 -113 5.550 23 200501290338A  
94.20 7.82 142 64 -175 50 85 -26 0.891 24 200501290526A  
93.59 3.21 325 44 85 152 46 95 2.089 24 200501290610A  
93.74 3.04 125 45 49 356 58 123 6.272 23 200501290721A  
94.29 7.76 148 52 -174 54 85 -38 4.185 23 200501290927A  
94.25 8.18 151 61 -175 59 86 -29 3.692 23 200501291612A  
94.26 8.05 222 35 -63 10 60 -108 4.582 23 200501291636A  
94.15 5.25 316 31 92 134 59 89 6.251 23 200501291820A  
94.33 8.11 236 48 -51 5 55 -125 2.302 23 200501291837A  
94.29 7.72 134 62 -171 40 82 -28 0.992 24 200501291906A  
94.22 8.10 242 57 -37 354 60 -141 0.905 24 200501292001A  
94.21 7.75 154 75 -174 63 84 -15 2.778 24 200501292028A  
94.20 7.82 145 32 -164 42 82 -59 3.615 23 200501292054A  
94.19 8.01 211 28 -96 38 62 -87 4.111 23 200501292058A  
94.18 7.80 146 67 -167 51 78 -23 1.447 24 200501292203A  
94.21 8.13 176 79 -170 84 80 -11 1.052 24 200501300007A  
94.21 8.07 245 49 -45 8 58 -129 4.640 23 200501300034A  
94.18 8.03 12 50 -130 245 54 -52 3.798 23 200501300225A  
94.23 8.06 1 62 -151 256 65 -31 7.626 23 200501300235A  
94.25 8.06 168 84 176 259 86 6 5.186 23 200501300313A  
94.08 8.00 64 41 -49 195 61 -119 1.549 23 200501300344A  
94.18 7.94 198 47 -130 68 56 -56 6.338 23 200501300849A  
94.22 8.04 261 67 -23 1 69 -155 4.112 23 200501301032A  
94.22 8.14 239 55 -40 355 58 -137 1.772 24 200501301533A  
94.24 8.13 96 70 0 6 90 160 0.994 24 200501302139A  
94.23 8.02 267 47 -54 40 54 -122 1.791 23 200501310220A  
96.72 4.14 124 64 -172 30 83 -26 4.416 23 200501310645A  
94.22 8.09 357 70 -166 262 77 -21 5.284 23 200501310815A  
94.22 8.03 271 88 -2 1 88 -178 5.387 23 200501311314A  
94.26 8.09 239 52 -41 357 59 -134 5.466 23 200501311630A  
94.21 7.81 145 60 -168 49 80 -31 0.872 24 200502010108A  
94.18 9.99 24 39 -113 232 55 -73 1.812 24 200502011035A  
94.22 8.08 24 42 -120 242 55 -66 0.835 24 200502011341A  
94.10 9.94 34 38 -114 243 56 -73 1.223 24 200502011354A  
94.36 4.94 322 27 106 124 64 82 1.178 24 200502011415A  
94.12 9.96 29 46 -115 243 49 -66 3.261 23 200502011554A  
94.21 2.67 129 33 89 311 57 91 1.579 23 200502011714A  
94.32 8.09 234 36 -60 18 59 -110 1.725 23 200502020052A  
94.06 9.93 17 42 -140 254 65 -56 2.484 24 200502020130A  
94.41 5.17 334 21 105 138 69 84 6.737 23 200502020904A  
94.27 8.09 89 86 0 179 90 -176 5.391 23 200502021322A  
90.37 6.47 11 79 -1 101 90 -169 6.096 23 200502021458A  
92.83 6.54 352 30 129 128 67 70 2.045 23 200502022041A  
93.25 5.57 17 67 7 285 84 157 2.585 24 200502030451A  
95.51 2.13 259 41 28 147 72 127 2.132 23 200502040657A  
94.20 7.76 157 75 -171 65 81 -16 1.353 24 200502040944A  
95.03 2.20 118 41 93 294 49 88 1.159 25 200502050403A  
94.26 8.06 221 37 -78 26 54 -99 1.298 24 200502050800A  
94.27 8.08 2 85 176 92 86 5 8.805 24 200502051735A  
94.23 8.07 243 55 -42 360 57 -137 1.604 24 200502060607A  
95.05 2.09 258 46 48 131 58 125 4.016 23 200502090102A  
92.53 6.79 334 38 72 176 55 103 5.433 23 200502090245A  
95.03 4.51 310 25 89 132 65 91 1.084 25 200502091327A  
94.20 8.01 184 46 -136 60 60 -53 3.407 23 200502100134A  
93.00 5.50 13 82 -5 104 85 -172 3.866 23 200502121843A  
94.61 4.82 323 30 101 130 61 84 1.326 24 200502130122A  
94.70 4.85 323 27 100 132 63 85 7.970 23 200502130202A  
92.11 1.85 106 66 -174 14 84 -24 1.696 24 200502150233A  
94.23 8.17 351 85 176 82 86 5 7.858 24 200502160819A  
95.05 4.37 302 28 78 135 63 96 3.716 24 200502170531A  
94.35 5.31 327 22 103 133 68 85 3.296 24 200502181933A  
95.17 2.19 232 83 -2 322 88 -173 2.715 23 200502191423A  
94.37 4.97 345 44 103 147 48 78 1.659 23 200502192345A  
93.67 3.25 159 39 108 317 53 76 6.947 23 200502210610A  
95.19 2.32 295 31 79 128 59 97 2.690 23 200502230242A  
95.51 2.53 277 15 46 142 79 101 2.950 24 200502240735A  
93.76 8.68 9 45 -65 157 50 -112 1.851 23 200502241506A  
94.23 7.71 153 61 -169 58 80 -30 2.918 24 200502251331A  
94.12 2.62 298 42 73 141 50 105 1.597 23 200502252040A  
95.40 2.80 294 6 66 139 84 93 1.441 26 200502261256A  
95.49 2.77 282 29 -84 95 61 -93 2.119 23 200503031710A  
91.31 9.05 312 32 49 178 67 112 1.638 23 200503072132A  
93.38 3.30 180 39 -48 311 62 -118 4.712 23 200503091827A  
95.12 2.26 330 59 161 70 74 33 1.977 23 200503110800A  
94.38 7.47 141 59 -172 47 83 -31 5.309 23 200503111259A  
93.02 9.48 2 37 104 165 55 80 2.292 23 200503120450A  
94.62 5.16 309 31 85 135 59 93 6.248 23 200503122233A  
91.60 9.72 51 61 168 147 79 29 0.863 24 200503122243A  
94.42 5.42 334 28 107 134 63 81 1.434 24 200503132212A  
93.05 9.47 2 35 100 170 55 83 3.326 23 200503140427A  
94.32 5.37 349 23 126 131 72 76 1.188 24 200503160639A  
94.93 4.66 313 23 90 133 67 90 4.935 24 200503172320A  
95.62 3.55 301 31 74 140 60 100 5.626 23 200503190301A  
94.25 5.30 328 22 97 140 69 87 7.423 24 200503250104A  
97.07 1.67 333 8 118 125 83 86 1.050 29 200503281609A  
96.95 0.30 163 46 -60 304 51 -117 2.199 24 200503290450A  
96.39 2.39 302 17 99 113 73 87 8.236 24 200503290516A  
97.10 0.49 296 32 84 122 59 93 0.839 24 200503290942A  
95.99 2.62 167 33 -48 300 66 -114 5.446 23 200503291416A  
97.37 1.72 321 30 89 142 60 91 2.848 23 200503291621A  
97.73 1.01 80 29 -90 260 61 -90 3.367 23 200503291829A  
97.02 1.86 279 37 65 130 57 108 6.353 23 200503292041A  
97.16 0.78 320 34 113 113 59 75 3.005 23 200503300025A  
96.85 1.38 303 14 85 128 76 91 2.425 24 200503300113A  
96.84 1.45 279 17 58 132 75 99 5.391 23 200503301020A  
97.18 2.29 306 30 88 128 60 91 1.949 23 200503301544A  
95.21 2.67 298 14 72 137 76 95 2.920 25 200503301619A  
95.25 2.54 303 13 77 136 78 93 3.569 24 200503301729A  
97.08 1.03 334 29 123 117 66 73 3.213 23 200503302312A  
94.19 5.46 348 38 90 168 52 90 3.208 23 200503302317A  
96.91 1.14 349 44 101 154 47 80 2.805 23 200503302319A  
96.49 1.68 304 35 94 119 55 87 2.158 23 200503302325A  
96.84 1.50 271 21 49 135 75 104 7.605 23 200503302340A  
96.84 1.24 327 20 103 134 70 85 7.514 23 200503310448A  
96.81 1.45 317 13 97 130 77 88 6.092 24 200503310723A  
96.14 2.65 194 37 -45 323 65 -118 3.222 23 200503310830A  
94.54 5.09 333 33 79 166 57 97 1.580 23 200503311427A  
96.94 1.21 325 29 99 135 61 85 3.022 23 200503311629A  
97.57 0.29 311 27 109 110 65 81 2.157 23 200503311802A  
96.83 1.39 349 38 106 149 54 78 1.680 23 200503311914A  
97.15 0.51 256 63 7 163 84 153 3.671 23 200504010049A  
96.18 2.35 337 11 112 134 80 86 2.302 23 200504010740A  
96.34 2.80 39 37 -97 228 53 -85 6.533 23 200504011037A  
96.57 2.93 232 39 -55 10 59 -115 1.909 23 200504011058A  
96.65 2.20 301 31 79 134 59 97 1.953 23 200504011418A  
96.92 2.86 311 24 83 138 66 93 2.895 23 200504011450A  
96.90 0.14 306 34 -142 182 70 -62 1.564 23 200504011527A  
97.23 1.16 297 23 70 138 68 98 5.049 23 200504011724A  
97.17 0.75 335 78 -171 243 81 -12 3.184 23 200504020337A  
96.35 2.68 209 38 -110 54 55 -75 3.346 23 200504021624A  
92.97 2.44 95 74 -171 3 81 -16 9.671 23 200504022217A  
97.74 1.81 329 24 111 127 68 81 2.945 25 200504030310A  
96.81 1.16 331 20 99 142 70 87 3.459 23 200504031020A  
95.64 2.46 252 58 8 158 83 147 3.465 23 200504031116A  
96.32 2.89 210 35 92 27 55 88 5.564 23 200504031221A  
93.71 9.75 184 37 -140 60 67 -60 7.199 23 200504031442A  
96.72 1.98 305 27 89 127 63 91 1.841 23 200504032023A  
97.17 1.00 7 34 108 165 58 78 1.592 23 200504032231A  
97.76 1.49 329 19 104 135 72 85 2.959 24 200504040433A  
97.17 1.18 337 39 122 119 58 67 2.505 23 200504041105A  
94.73 4.75 51 47 -114 264 48 -67 1.575 23 200504041937A  
97.59 2.04 340 46 148 93 68 48 1.241 23 200504042100A  
94.22 4.91 311 35 92 128 55 88 2.114 23 200504050219A  
96.75 0.19 336 34 -75 138 57 -100 1.513 23 200504050712A  
97.00 1.58 344 81 -171 253 81 -10 6.341 23 200504050937A  
96.20 1.97 348 55 174 82 85 35 2.222 23 200504051301A  
96.15 2.37 7 38 96 180 52 86 2.789 23 200504061011A  
96.58 1.70 314 27 105 117 63 82 2.661 23 200504062319A  
96.98 1.09 338 27 116 129 66 78 4.123 23 200504070221A  
96.33 0.30 337 38 -88 154 52 -92 3.146 23 200504070654A  
97.31 0.52 134 62 149 239 63 31 2.796 24 200504071146A  
97.40 0.88 114 33 111 269 59 77 0.837 24 200504071150A  
96.88 1.30 312 20 73 150 71 96 4.707 23 200504071523A  
96.83 1.15 317 29 92 135 61 89 3.107 23 200504071640A  
97.34 0.50 326 82 -179 236 89 -8 3.781 24 200504080151A  
96.78 1.19 326 28 98 137 62 86 0.944 24 200504090341A  
96.94 1.14 353 37 115 143 57 73 2.189 23 200504091903A  
96.48 1.92 308 18 81 137 72 93 1.371 25 200504110611A  
96.50 1.87 310 20 89 132 70 90 1.545 24 200504110904A  
96.39 1.93 250 55 16 151 77 144 3.385 23 200504110953A  
93.62 3.34 129 42 68 337 52 108 1.918 23 200504130312A  
96.34 2.88 191 29 91 10 61 89 1.115 24 200504151308A  
96.73 0.98 316 24 73 155 67 98 1.449 23 200504152132A  
97.46 1.67 344 19 129 124 75 78 4.260 25 200504161638A  
97.75 0.31 178 8 -67 335 82 -93 1.511 24 200504171343A  
97.12 0.87 330 22 99 139 69 86 3.535 23 200504181325A  
96.00 1.78 313 27 101 120 64 84 3.768 23 200504191510A  
95.74 2.40 295 13 77 129 77 93 7.693 23 200504231031A  
96.22 2.09 321 28 115 112 65 77 1.372 23 200504241059A  
97.01 0.83 298 16 71 138 75 95 6.419 23 200504250129A  
93.87 3.08 323 34 70 166 58 103 2.176 23 200504250318A  
96.80 2.27 277 32 45 146 68 114 1.468 23 200504251358A  
97.11 0.48 152 33 -51 288 65 -112 0.847 24 200504252018A  
97.45 0.47 154 45 -30 266 69 -131 2.063 23 200504252022A  
97.28 0.43 140 20 -90 320 70 -90 7.641 23 200504252140A  
94.04 7.74 219 37 -57 360 59 -113 2.788 23 200504261401A  
97.01 1.14 327 13 106 131 77 86 8.521 23 200504261718A  
93.14 4.22 320 46 66 173 49 113 1.268 24 200504270345A  
93.72 8.66 227 50 -53 358 52 -125 3.144 23 200504271404A  
96.55 1.84 301 15 75 136 75 94 2.520 25 200504281407A  
96.76 1.75 315 21 91 134 69 89 1.115 24 200504301317A  
97.85 0.95 338 34 -110 181 59 -77 1.496 23 200505011200A  
96.95 1.18 300 25 66 146 67 101 1.916 23 200505021203A  
95.43 1.96 304 32 86 129 58 92 1.858 23 200505030729A  
96.89 0.23 112 67 -164 16 76 -24 6.480 23 200505040042A  
96.17 2.80 339 74 -164 245 75 -16 5.658 23 200505040044A  
91.64 9.19 41 59 154 146 68 34 0.866 24 200505040232A  
94.87 4.60 89 60 -174 355 84 -30 1.100 24 200505040558A  
94.18 5.18 337 30 91 155 60 89 3.726 23 200505050114A  
94.76 4.85 319 26 95 134 64 88 6.138 23 200505090130A  
97.10 0.90 314 15 92 131 75 89 4.589 23 200505102222A  
97.00 0.93 312 19 84 139 71 92 1.005 24 200505102229A  
97.03 2.91 17 15 118 167 77 83 2.450 23 200505110933A  
94.47 5.01 349 9 91 168 81 90 7.695 23 200505121604A  
96.10 1.84 314 28 107 115 64 81 2.851 23 200505122347A  
93.24 5.60 348 42 -63 134 54 -112 3.854 23 200505130423A  
93.54 3.60 132 32 55 351 64 109 2.169 23 200505150032A  
97.73 0.63 357 21 83 185 69 93 4.352 23 200505160958A  
93.21 5.58 15 67 6 283 85 157 1.749 25 200505181137A  
96.74 1.88 290 8 65 135 83 93 2.360 26 200505190154A  
97.26 0.49 144 21 -65 298 71 -99 3.339 23 200505192044A  
97.86 1.77 331 35 89 152 55 91 2.154 23 200505210429A  
97.18 1.09 346 45 149 99 69 50 4.397 23 200505210943A  
94.71 5.03 325 24 100 135 66 86 3.160 24 200505212301A  
97.26 0.70 323 31 98 134 60 85 2.908 23 200505230548A  
94.41 2.48 315 33 103 119 58 81 6.327 23 200505240937A  
97.23 1.21 257 50 19 155 76 138 1.703 23 200505241138A  
95.37 2.49 276 19 43 145 77 104 6.309 23 200505251442A  
97.24 1.32 303 31 81 133 59 96 2.757 23 200505251847A  
93.19 5.60 107 50 -175 14 86 -40 3.997 24 200505261008A  
96.66 1.77 358 31 113 152 61 77 2.730 23 200505280623A  
96.26 0.77 153 33 -85 327 57 -93 3.501 23 200505310001A  
94.57 5.23 311 8 33 188 86 97 2.043 24 200505310229A  
94.60 5.21 340 32 103 144 59 82 3.003 23 200505310728A  
96.96 1.21 338 11 112 136 80 86 6.462 24 200506030042A  
95.05 2.83 330 67 168 65 79 23 2.285 23 200506031326A  
96.46 1.86 308 19 85 134 71 92 1.290 25 200506080628A  
96.83 1.48 310 11 91 129 79 90 2.448 24 200506101742A  
97.29 0.80 321 17 100 130 74 87 7.880 23 200506110347A  
96.29 1.61 249 70 -9 342 82 -159 3.741 23 200506111736A  
94.06 7.68 235 41 -32 350 69 -126 1.095 24 200506131928A  
94.07 2.75 140 39 96 313 51 85 7.245 24 200506131959A  
92.13 7.73 108 81 176 199 86 9 1.842 23 200506161606A  
94.64 5.33 337 30 111 133 62 79 1.022 24 200506170237A  
96.69 1.80 296 20 70 138 71 97 1.185 24 200506172126A  
93.15 3.71 103 49 -175 9 86 -42 2.721 23 200506180846A  
97.44 1.41 87 69 19 350 72 157 1.452 23 200506181236A  
97.09 1.09 322 24 93 138 66 89 3.490 23 200506191244A  
95.94 2.02 288 29 67 134 64 102 1.830 23 200506200738A  
94.53 4.75 316 33 99 125 58 84 1.560 23 200506201850A  
92.63 6.75 341 43 81 173 47 98 1.174 23 200506210137A  
95.12 4.37 300 29 76 137 62 98 1.111 24 200506242145A  
93.18 4.12 323 45 74 165 47 105 5.956 23 200506260429A  
97.20 1.25 338 33 123 120 63 71 2.124 23 200506271714A  
91.88 7.79 112 56 -177 20 88 -34 2.346 23 200506301602A  
96.95 1.09 325 10 87 148 80 91 3.022 23 200507020910A  
96.93 1.56 329 8 107 131 83 88 1.167 26 200507050152A  
95.17 2.20 81 35 17 337 80 124 3.025 23 200507050757A  
93.24 3.88 337 32 87 160 58 92 1.762 24 200507052136A  
97.29 0.88 337 57 171 72 82 33 1.410 23 200507082128A  
94.44 2.45 338 46 144 95 65 50 1.995 23 200507110107A  
96.88 0.77 317 38 120 100 58 69 1.597 23 200507110659A  
97.00 0.93 319 16 94 135 74 89 2.447 24 200507111436A  
94.30 7.56 161 45 -153 51 71 -48 2.894 23 200507151250A  
96.12 4.07 348 72 -175 257 85 -18 6.277 23 200507210142A  
94.52 2.45 336 44 104 137 48 77 2.199 23 200507220702A  
96.97 2.27 189 3 -25 304 89 -92 6.675 23 200507220950A  
94.37 5.45 336 19 87 160 71 91 3.240 23 200507230044A  
93.09 5.22 109 64 -174 16 84 -27 2.736 23 200507230503A  
94.47 5.03 338 31 110 135 62 78 1.095 24 200507232253A  
91.88 7.92 29 68 -2 120 89 -158 0.888 27 200507241542A  
92.07 7.79 201 68 3 110 87 158 4.188 23 200507250217A  
91.92 8.11 207 33 -41 333 69 -116 3.549 24 200507250326A  
92.22 7.85 129 65 -174 36 85 -25 0.834 24 200507251243A  
96.50 0.94 308 16 78 141 74 93 1.137 24 200507251602A  
97.08 1.75 339 51 153 87 69 42 3.396 23 200507260138A  
91.56 8.44 353 44 -126 218 56 -61 1.259 24 200507260632A  
96.04 2.52 303 29 91 122 61 90 1.851 23 200507271357A  
93.73 3.28 157 34 109 314 58 77 1.067 23 200507271405A  
93.76 3.43 155 27 95 330 63 88 2.000 23 200507271605A  
95.65 2.39 345 69 -178 255 89 -21 1.824 23 200507280243A  
92.27 8.49 209 79 6 118 84 169 0.972 24 200507291227A  
93.45 2.85 112 46 -153 3 71 -48 2.010 24 200507292033A  
97.13 0.91 346 12 118 138 79 84 1.127 24 200507300036A  
92.01 7.61 181 23 -131 45 73 -74 6.116 23 200507301224A  
94.32 5.16 356 18 133 132 77 77 6.356 24 200507301513A  
97.39 0.26 345 48 -45 109 58 -129 1.632 23 200507302117A  
97.55 0.08 291 18 71 131 73 96 5.733 23 200507311218A  
97.67 0.39 327 32 116 117 61 75 3.474 23 200507311237A  
97.35 1.41 354 47 148 106 67 48 1.269 23 200508011317A  
94.25 5.22 326 34 97 138 56 86 3.211 23 200508022056A  
92.58 6.68 344 40 88 167 50 92 1.598 24 200508032343A  
94.33 7.78 147 74 175 239 85 16 1.557 24 200508091122A  
94.00 2.92 335 44 109 130 49 73 1.241 23 200508110121A  
96.95 1.20 321 20 95 136 70 88 4.681 23 200508131827A  
94.58 5.13 307 34 83 136 56 95 1.744 23 200508260036A  
96.80 1.93 337 38 99 145 53 83 1.571 23 200508260607A  
94.57 5.30 323 27 102 130 64 84 1.093 24 200508280443A  
97.08 1.40 319 25 94 135 65 88 4.195 23 200508280534A  
95.17 4.31 47 32 -75 210 60 -99 2.208 23 200508281409A  
97.48 0.16 312 18 85 137 72 92 1.260 24 200508291740A  
95.80 5.33 3 40 -68 156 54 -107 1.966 23 200508310720A  
94.63 4.77 328 32 106 129 60 80 5.067 23 200509011642A  
94.79 4.42 335 49 138 96 60 49 4.660 23 200509032100A  
92.28 7.76 193 40 -67 344 54 -108 0.770 24 200509061110A  
97.55 0.06 98 72 10 5 81 162 4.797 23 200509070043A  
94.66 5.05 293 33 66 141 60 105 3.037 23 200509070642A  
97.03 0.55 254 43 32 140 69 129 1.919 23 200509082140A  
94.98 4.61 313 23 93 129 67 89 5.634 24 200509101657A  
91.92 8.11 203 31 -50 338 67 -111 1.925 24 200509131432A  
91.93 8.14 196 29 -54 336 67 -108 2.737 23 200509140817A  
96.17 2.47 290 31 64 140 63 105 1.956 23 200509161719A  
94.16 7.60 189 20 -96 15 70 -88 5.145 23 200509180347A  
97.31 1.40 341 47 138 102 60 51 2.482 23 200509191434A  
95.42 4.43 90 46 -146 335 66 -49 2.349 23 200509201500A  
95.89 3.74 324 30 143 87 72 65 5.239 23 200509221230A  
97.94 0.38 193 25 -163 87 83 -66 1.756 23 200509300439A  
96.90 1.01 347 5 119 138 85 87 6.938 23 200510030058A  
94.35 5.31 330 21 112 126 71 82 1.890 24 200510032209A  
94.14 5.37 328 28 100 137 62 85 3.998 23 200510041223A  
95.71 5.33 135 74 -174 44 84 -16 4.239 24 200510050846A  
92.06 7.83 124 46 -170 27 83 -44 1.086 24 200510051219A  
93.98 7.74 229 36 -45 358 66 -117 2.171 23 200510060253A  
97.99 2.11 354 7 136 128 85 85 3.260 23 200510092228A  
95.02 4.49 311 25 89 131 65 90 8.045 24 200510111505A  
97.82 1.82 319 22 99 129 68 86 3.828 24 200510161903A  
94.26 3.56 100 56 8 6 83 146 3.726 23 200510260039A  
95.63 2.34 317 30 110 114 62 79 2.915 23 200510270416A  
96.15 1.96 279 29 53 140 68 108 2.784 23 200510280307A  
95.93 1.97 333 39 140 96 66 58 1.517 23 200510281723A  
97.36 1.84 334 41 133 102 61 59 1.460 23 200510302137A  
96.96 0.97 321 17 96 135 74 88 1.999 24 200511041744A  
95.38 2.46 313 26 97 125 65 87 6.264 23 200511190638A  
96.51 1.89 306 15 78 138 75 93 3.831 25 200511191410A  
97.19 0.46 61 30 41 294 71 113 3.994 23 200511221404A  
96.98 0.92 332 18 106 135 73 85 3.050 24 200511272331A  
96.98 0.80 309 28 93 126 62 89 0.903 24 200511280016A  
93.82 3.18 150 41 105 310 51 77 1.461 23 200512020307A  
97.08 1.10 288 33 27 175 75 120 2.740 23 200512031848A  
97.43 0.65 261 72 -6 353 85 -162 2.279 23 200512041409A  
95.19 3.29 183 80 9 92 81 170 4.311 23 200512050446A  
96.48 2.32 328 41 128 103 59 62 1.916 23 200512060540A  
96.90 1.11 315 23 90 136 67 90 6.282 23 200512070219A  
97.27 0.20 143 35 59 359 61 110 1.520 23 200512070838A  
94.31 4.99 305 31 79 138 60 97 2.134 23 200512101141A  
95.66 2.39 299 18 74 135 73 95 3.773 24 200512180423A  
95.06 4.36 293 30 72 134 62 100 2.119 24 200601010847A  
97.67 0.03 313 30 93 129 60 88 5.507 23 200601110046A  
97.58 1.22 332 34 115 123 60 74 4.820 23 200601131049A  
94.49 4.86 330 28 105 133 63 82 2.144 23 200601131447A  
97.28 1.35 263 57 15 164 77 146 2.843 23 200601132247A  
95.74 2.16 256 48 20 153 76 136 2.252 23 200601281731A  
95.90 2.34 293 19 70 134 72 97 8.334 24 200601311915A  
92.91 4.95 176 41 119 320 55 67 1.255 23 200602011218A  
96.25 1.58 303 29 88 125 61 91 5.882 23 200602060705A  
95.88 2.59 185 41 -56 323 57 -116 1.890 23 200602061240A  
96.87 1.42 336 19 119 126 74 81 8.388 23 200602062355A  
96.84 0.89 324 31 97 135 60 86 2.480 23 200602100739A  
95.19 2.38 291 30 69 135 62 102 4.503 23 200602130932A  
96.00 2.16 304 25 82 133 65 94 5.281 23 200602131205A  
94.18 5.26 328 34 117 116 60 73 1.582 23 200602150117A  
94.59 5.27 328 31 105 131 60 81 6.647 23 200602262132A  
95.44 2.62 341 19 87 164 71 91 3.407 23 200603011436A  
96.22 3.88 14 39 -122 232 57 -67 1.040 24 200603080633A  
97.13 1.30 328 29 124 111 66 73 1.574 23 200603121944A  
94.64 4.84 324 29 105 127 62 82 4.244 23 200603161512A  
95.96 3.84 291 34 35 170 71 118 6.865 23 200603190424A  
94.01 2.78 154 34 89 335 56 91 3.656 23 200603190436A  
95.24 2.61 276 35 45 147 66 116 3.749 23 200603221008A  
97.12 3.36 146 44 -170 49 83 -47 2.756 23 200603280835A  
95.13 2.04 136 17 33 15 81 104 1.037 24 200604011034A  
96.17 2.03 296 24 81 125 66 94 1.475 24 200604020830A  
97.22 0.36 171 26 -52 311 70 -106 6.325 23 200604041036A  
92.96 4.65 343 34 97 155 56 85 3.324 23 200604051835A  
92.90 9.60 9 41 124 147 57 64 4.065 23 200604141026A  
93.22 2.70 110 66 -176 19 86 -24 2.551 25 200604192036A  
96.44 1.77 353 48 159 98 75 44 3.632 23 200604222342A  
96.77 1.78 293 7 66 137 84 93 3.785 25 200604251826A  
96.03 4.39 168 67 9 74 82 156 1.070 24 200604261638A  
97.24 3.06 46 72 0 316 90 162 0.817 24 200605080143A  
97.05 1.02 328 26 114 122 66 79 2.299 23 200605090325A  
94.30 5.33 320 28 91 139 63 89 3.865 24 200605130311A  
96.98 0.01 92 60 -171 358 82 -31 2.089 26 200605161528A  
92.45 6.96 336 43 91 155 47 89 2.612 23 200605170646A  
96.84 0.10 137 35 -57 278 61 -111 1.658 23 200605180101A  
94.41 5.27 338 32 112 132 61 77 6.108 23 200606140014A  
94.29 2.59 146 38 114 296 56 72 0.915 24 200606140724A  
97.01 0.95 293 29 70 136 63 101 2.935 23 200606210853A  
92.46 6.83 328 40 80 161 51 98 1.387 25 200606211234A  
93.75 8.81 126 71 -160 29 71 -20 4.698 23 200606271502A  
92.57 6.31 342 27 85 167 63 92 3.130 25 200606271807A  
93.41 3.75 313 47 66 166 48 114 7.540 23 200607151154A  
97.01 1.66 336 5 115 131 85 88 3.355 25 200607271116A  
96.91 1.02 315 24 93 131 66 89 2.726 24 200607300128A  
96.27 4.76 138 80 -179 47 89 -10 3.458 23 200608011726A  
96.18 2.10 301 12 77 134 78 93 2.235 25 200608112054A  
94.54 5.27 320 31 99 130 60 85 6.011 23 200608130841A  
95.24 4.29 278 36 43 151 66 118 5.499 23 200608231831A  
97.11 0.10 137 24 -93 321 66 -89 1.741 24 200609031620A  
94.59 4.84 330 30 112 125 62 78 0.860 24 200609160617A  
97.61 1.15 325 37 120 110 59 70 3.821 23 200610041333A  
93.17 9.43 7 33 101 174 58 83 3.119 23 200610060423A  
97.22 0.76 339 36 142 101 69 60 1.076 24 200610061449A  
95.09 4.80 138 45 98 306 46 82 3.831 23 200610120530A  
97.12 0.93 328 24 102 135 67 85 8.445 23 200610250506A  
97.26 0.78 311 29 93 128 61 88 4.045 23 200610250519A  
97.19 1.03 70 20 -109 271 71 -83 7.376 23 200611091555A  
94.57 4.58 321 22 91 140 68 90 1.010 25 200611181355A  
94.67 4.60 335 13 97 147 77 88 8.264 24 200611181357A  
96.79 2.76 309 42 -84 122 48 -95 2.915 23 200611251850A  
96.27 4.76 141 80 -173 50 83 -10 0.868 24 200612061206A  
94.59 4.80 319 32 94 134 58 87 5.307 23 200612090924A  
94.89 4.58 314 27 93 131 63 89 5.549 24 200612172110A  
97.94 2.42 135 34 -83 307 56 -95 3.758 23 200612191248A  
94.28 5.25 329 28 105 132 63 82 1.354 24 200701031247A  
97.65 0.07 324 20 99 135 70 87 1.251 24 200701051154A  
92.30 8.03 317 32 65 165 61 105 1.672 25 200701081248A  
89.66 2.00 111 74 178 201 88 16 3.847 23 200701170758A  
95.58 2.36 301 27 80 132 64 95 1.123 24 200701221644A  
97.03 1.36 331 37 132 103 64 64 4.381 23 200701251518A  
93.76 8.37 136 60 167 233 78 31 1.801 24 200701291948A  
94.47 6.12 193 58 21 91 72 146 1.535 24 200702111047A  
97.22 0.33 320 38 119 105 57 69 4.546 24 200702141949A  
94.23 5.04 327 32 99 136 59 84 7.377 23 200702142011A  
97.17 0.39 300 32 116 90 61 74 1.736 24 200702142046A  
97.26 0.98 323 25 94 138 65 88 5.423 23 200702181045A  
96.23 3.60 71 41 146 188 69 54 0.929 24 200703010201A  
97.74 1.80 333 26 115 126 67 79 0.876 25 200703071053A  
91.54 9.18 16 68 177 108 87 22 5.859 23 200704010708A  
95.48 2.74 293 8 65 138 83 93 1.817 25 200704070951A  
94.43 5.09 319 25 95 133 65 88 0.860 25 200704270802A  
94.38 5.29 334 33 110 131 59 77 3.767 23 200705011944A  
96.98 0.90 313 25 92 131 65 89 1.364 24 200705140931A  
96.07 3.68 282 34 67 129 59 105 7.138 23 200705181557A  
96.54 1.73 278 32 56 136 64 109 4.237 23 200705220341A  
95.39 2.48 358 61 167 95 78 30 8.950 23 200705232019A  
94.03 8.31 124 63 178 215 88 27 1.793 24 200705312318A  
95.93 2.19 298 27 82 127 63 94 7.249 23 200706091459A  
94.50 5.21 316 32 93 133 58 88 3.646 23 200706241347A  
97.72 5.14 116 35 100 284 56 83 6.944 23 200707211253A  
97.72 2.14 321 29 52 182 67 109 1.062 24 200707241451A  
92.52 7.06 321 43 79 156 48 100 1.149 25 200707252337A  
91.04 6.68 20 77 -7 111 84 -167 4.477 23 200708061438A  
97.39 0.02 313 24 92 130 66 89 7.588 23 200709080839A  
97.62 0.10 309 27 97 121 64 87 5.161 23 200709081131A  
95.21 2.46 303 26 78 136 65 96 3.793 24 200709290532A  
95.39 2.71 288 8 57 141 83 94 1.067 25 200709290537A  
92.83 2.47 110 63 -170 15 81 -27 2.743 25 200710041240A  
91.64 9.71 17 71 173 109 84 19 7.995 23 200710101225A  
96.19 2.81 318 28 111 114 64 79 2.737 23 200711210330A  
93.79 7.76 60 41 -105 260 50 -77 2.557 23 200711211904A  
95.01 4.46 313 27 92 130 63 89 5.998 24 200711222302A  
96.87 0.29 125 39 -109 329 53 -75 3.650 23 200711260644A  
97.75 1.81 335 27 116 126 66 77 0.963 25 200712010144A  
96.58 1.92 295 9 65 141 82 94 1.930 25 200712221226A  
95.95 5.63 129 47 167 227 81 43 1.480 24 200712280524A  
94.62 5.21 323 32 104 126 59 81 1.026 24 200801052001B  
97.18 0.87 332 17 103 138 73 86 2.517 25 200801221714A  
96.72 1.07 304 29 73 143 63 99 3.808 23 200801231303A  
97.01 0.92 328 23 103 134 68 85 1.100 24 200801241204A  
95.98 2.69 299 11 80 130 79 92 1.118 27 200802200808A  
93.26 3.81 344 35 99 153 56 84 1.498 24 200802290818A  
92.50 3.80 115 60 179 205 89 30 0.862 24 200803032114A  
94.71 4.68 318 31 99 127 60 85 4.380 23 200803051704A  
94.51 2.47 305 33 77 140 58 98 1.375 25 200803151443A  
95.17 2.66 300 10 75 135 81 93 4.015 25 200803291730A  
91.77 8.25 6 43 -90 186 47 -90 6.327 23 200804170829A  
94.49 5.21 318 32 108 117 59 79 4.209 23 200805081131A  
95.05 4.37 298 28 78 132 63 96 1.730 24 200805131029A  
97.53 0.10 315 23 97 127 67 87 1.131 24 200806031015A  
97.28 0.37 297 26 76 132 65 96 6.350 23 200806131613A  
92.66 6.76 337 35 86 161 55 92 4.797 23 200806190035A  
96.97 1.00 322 19 110 121 72 83 1.938 24 200806250152A  
97.00 1.12 321 14 100 131 77 88 4.342 24 200806250253A  
96.28 1.83 293 19 74 130 72 95 3.023 24 200807140444A  
96.03 2.13 304 20 86 129 70 92 2.101 24 200809100300A  
96.97 0.91 328 17 107 130 73 85 5.279 24 200811031922A  
93.76 8.76 353 45 -110 199 48 -72 0.784 24 200811191714A  
94.13 8.71 161 55 -160 60 74 -37 6.908 23 200812052324A  
94.11 8.73 156 59 -167 60 79 -31 1.032 24 200812060043A  
93.27 4.46 82 69 -163 346 75 -22 3.671 23 200812072349A  
92.20 7.71 212 44 -35 328 67 -128 5.276 23 200812092100A  
94.75 6.82 4 51 14 265 80 140 4.536 23 200812171348A  
94.95 4.55 311 26 92 129 64 89 1.549 24 200812211347A  
94.40 6.53 212 57 40 98 58 140 0.960 24 200901042022A  
96.89 0.06 100 45 -154 351 72 -48 3.032 23 200901240036A  
96.86 1.19 327 20 106 131 71 84 3.167 24 200902241213A  
95.03 4.43 297 26 85 123 64 93 4.065 23 200903121005A  
94.11 5.10 338 35 112 132 58 75 4.725 23 200903240435A  
94.54 6.28 258 45 79 94 46 101 4.918 23 200904090810A  
96.74 0.79 316 27 90 136 63 90 3.304 23 200904110159A  
97.53 3.18 123 62 -175 31 86 -28 0.858 24 200905081319A  
93.80 9.12 208 40 -61 352 56 -112 0.925 24 200906151205A  
96.72 0.23 128 33 -107 328 59 -79 4.424 23 200907011858A  
93.78 9.03 183 39 -96 10 51 -85 5.021 23 200908120433A  
96.59 4.43 120 73 -168 27 78 -18 3.871 23 200908150404A  
96.92 0.21 164 43 -46 291 61 -123 1.493 24 200908230720A  
94.41 5.29 352 37 112 145 56 74 4.691 23 200908281645A  
94.14 5.17 307 33 50 172 65 113 3.426 23 200909080339A  
91.86 8.05 124 76 170 216 80 14 1.184 25 200911100248A  
96.19 4.74 50 83 -4 141 87 -173 1.912 23 200911260527A  
96.97 0.05 157 43 -61 300 53 -115 2.890 23 200912072206A  
95.70 2.40 298 18 74 134 73 95 8.793 24 200912092129A  
93.75 2.95 102 55 -168 5 80 -36 3.739 23 201001220646A  
94.10 2.71 120 33 80 312 58 97 2.809 23 201002142209A  
93.06 4.61 96 60 -159 355 72 -32 1.158 24 201002161908A  
96.81 1.16 331 20 108 132 71 83 5.759 24 201003131459A  
96.74 2.07 307 7 88 129 83 90 6.587 27 201004062215A  
91.94 7.83 133 61 -170 38 81 -30 7.301 23 201004132014A  
95.78 3.36 308 15 88 130 75 91 0.941 27 201005090559A  
95.69 3.24 311 24 93 128 66 89 1.744 24 201005111217A  
95.77 4.71 65 63 156 167 69 29 1.685 24 201006030924A  
91.65 7.85 220 63 31 115 63 149 1.945 27 201006121926A  
91.82 7.71 113 63 -172 20 83 -28 7.283 23 201006130626A  
91.92 7.98 196 47 -51 326 56 -124 7.436 23 201006130705A  
91.67 7.41 125 62 -179 34 89 -28 3.674 23 201006152324A  
91.85 7.69 113 80 -178 23 88 -10 2.054 24 201006240408A  
91.96 7.72 134 58 173 228 84 32 3.214 23 201006241706A  
91.85 7.65 110 79 -177 19 87 -11 7.484 23 201006250729A  
96.68 1.09 338 30 103 142 61 83 6.382 23 201007011521A  
96.85 1.18 326 21 97 139 69 87 5.692 23 201007130426A  
96.45 2.01 320 18 100 130 73 87 1.031 25 201008210542A  
94.24 7.73 154 84 -179 64 89 -6 5.420 24 201009111143A  
96.74 1.65 303 11 86 127 80 91 1.030 24 201009282344A  
94.62 4.78 324 30 103 129 61 82 4.397 23 201009291133A  
94.60 4.84 321 30 103 126 60 82 0.925 24 201009300954A  
95.19 3.60 322 19 68 165 73 97 3.903 23 201010151243A  
94.51 6.68 217 47 47 91 58 126 1.259 24 201010161951A  
95.70 6.56 31 58 -157 288 71 -34 3.623 23 201011212251A  
95.91 3.81 307 33 68 152 60 103 2.911 23 201012142001A  
94.55 5.27 324 32 104 127 59 81 4.038 23 201012182256A  
95.59 2.44 312 16 89 133 74 90 7.152 24 201012211407A  
95.86 3.58 301 36 91 121 54 90 1.835 24 201012230001A  
90.37 4.20 109 63 -175 17 85 -27 2.452 24 201101070310A  
96.13 2.26 306 14 81 135 76 92 5.388 24 201101151123A  
96.22 2.30 296 11 64 143 81 95 2.087 24 201101151626A  
96.17 2.38 306 9 83 133 81 91 1.019 25 201101181133A  
95.34 2.48 309 26 91 128 64 90 7.618 23 201101220734A  
95.32 2.74 298 8 68 140 82 93 4.633 24 201101220738A  
96.52 1.87 304 19 76 138 72 95 1.275 25 201101261542A  
96.55 1.49 293 31 65 141 62 104 2.678 23 201101281545A  
97.77 1.86 333 28 111 129 64 79 0.860 24 201102182312A  
97.36 0.79 327 36 83 156 54 95 5.610 23 201103190233A  
96.82 1.40 329 21 104 135 69 85 7.736 24 201104061401A  
96.04 3.97 166 62 -3 257 87 -152 1.776 24 201104290856A  
92.63 9.69 148 23 -138 18 74 -72 2.044 24 201106030727A  
96.76 1.20 155 21 -70 314 70 -97 2.772 23 201106070254A  
96.70 1.22 151 18 -56 295 75 -100 1.098 24 201106081632A  
96.87 1.24 327 25 96 141 65 87 0.941 24 201107041900A  
96.93 0.12 148 46 -53 281 55 -122 2.042 23 201107210648A  
94.95 4.48 303 29 88 125 61 91 2.735 23 201108210818A  
96.28 2.16 306 27 94 122 63 88 3.340 23 201108310308A  
97.86 2.88 101 11 -129 320 82 -83 1.370 26 201109051755A  
96.10 2.46 98 64 -178 8 88 -27 1.803 24 201110161716A  
97.65 0.06 325 21 101 133 69 86 1.787 24 201111271101A  
94.01 7.90 219 42 -41 341 64 -124 2.674 24 201111301942A  
94.12 7.90 209 28 -51 346 69 -109 5.950 23 201112021937A  
94.11 7.84 222 28 -20 330 81 -117 6.067 23 201112161547A  
96.46 4.49 34 71 -18 130 73 -160 1.641 24 201201011809A  
92.98 2.59 103 81 -173 12 83 -9 7.555 26 201201101837A  
93.18 2.45 103 46 -178 12 89 -44 3.785 23 201201111156A  
96.18 2.01 299 24 77 133 67 96 0.872 24 201201132003A  
93.03 2.73 100 57 -173 6 84 -33 7.086 23 201201270954A  
96.46 1.88 303 23 69 146 69 99 1.023 24 201201281447A  
92.85 6.28 337 45 -85 149 45 -95 2.748 23 201202151831A  
94.25 5.00 354 21 98 165 69 87 8.312 23 201202221202A  
97.09 4.17 111 56 -171 17 83 -34 4.815 23 201203050655A  
93.88 8.58 209 39 -59 351 57 -113 1.323 24 201203060252A  
95.08 4.36 289 29 69 133 63 102 3.997 23 201203302202A  
94.56 5.18 321 31 99 130 60 85 2.906 23 201203311238A  
92.82 2.35 20 76 5 289 85 166 0.914 29 201204110838A  
92.31 0.90 107 83 -177 17 87 -7 2.893 28 201204111043A  
89.55 2.83 132 63 156 234 69 30 6.011 24 201204112251A  
89.68 1.75 97 59 175 189 86 31 7.061 24 201204112356A  
93.43 2.42 119 56 176 211 87 34 0.969 24 201204121309A  
93.63 3.31 160 33 113 313 60 76 6.418 23 201204121446A  
92.84 3.52 201 45 -63 346 51 -114 2.652 23 201204121926A  
92.69 3.68 104 60 -173 10 84 -30 1.615 24 201204122022A  
91.86 1.05 122 69 159 220 70 22 2.443 23 201204130317A  
91.04 1.53 118 44 177 210 88 46 4.096 23 201204130449A  
89.93 3.37 97 68 -170 3 81 -23 3.181 23 201204131248A  
92.16 1.01 117 47 174 211 85 43 2.396 23 201204131509A  
92.25 0.40 109 43 -176 16 87 -47 1.612 23 201204140203A  
92.16 0.21 34 33 65 243 61 105 1.729 24 201204141521A  
94.36 2.75 87 39 33 331 70 124 3.835 23 201204142110A  
90.31 2.49 13 68 -13 108 78 -158 3.102 25 201204150557A  
90.95 1.70 148 60 -169 52 80 -31 2.367 23 201204151357A  
92.50 0.81 97 77 -170 5 80 -14 1.239 24 201204160946A  
92.24 0.18 107 52 178 198 88 38 5.669 23 201204161605A  
90.93 1.45 105 50 173 200 85 40 2.791 23 201204190630A  
93.71 3.32 170 34 123 311 62 69 5.418 23 201204201934A  
93.65 3.28 167 43 113 316 51 70 5.432 24 201204202219A  
93.73 3.15 142 43 83 332 48 97 6.570 24 201204202229A  
93.36 2.22 225 52 46 103 56 132 7.687 24 201204202314A  
93.58 3.42 167 36 130 301 64 65 2.861 23 201204211104A  
91.72 1.29 122 49 179 213 89 41 5.718 23 201204220317A  
94.06 8.88 161 72 -163 66 74 -18 3.610 24 201204241457A  
91.83 1.09 143 53 -174 50 85 -37 7.723 23 201204241943A  
94.07 8.89 156 59 -167 59 79 -32 7.544 24 201204250742A  
94.11 8.82 170 33 -132 37 66 -66 3.769 23 201204251630A  
94.39 2.55 295 45 68 145 49 110 1.479 24 201204261921A  
89.70 2.29 103 60 165 201 77 31 2.599 23 201204290213A  
93.83 1.89 18 69 -14 113 77 -159 0.979 24 201204290300A  
92.49 1.93 204 50 -4 297 87 -140 5.735 23 201204290352A  
94.27 2.60 293 39 62 147 57 111 4.568 24 201204290809A  
89.60 1.73 129 64 -174 36 85 -26 5.192 24 201204300800A  
92.98 3.34 127 59 -174 34 85 -31 6.455 23 201204302140A  
94.47 2.61 103 35 62 316 59 108 3.051 23 201205031338A  
92.60 3.93 110 48 -178 18 89 -42 2.040 23 201205031441A  
89.74 2.02 107 74 167 201 77 16 5.836 23 201205041623A  
87.97 4.85 136 58 176 228 86 32 2.424 23 201205051208A  
92.59 4.00 98 63 -169 3 80 -27 2.753 23 201205060819A  

------------------------------------------------------------------------


    More solutions
    <http://www.globalcmt.org/cgi-bin/globalcmt-cgi-bin/CMT5/form?itype=ymd&yr=1976&mo=1&day=1&otype=ymd&oyr=2019&omo=2&oday=2&jyr=1976&jday=1&ojyr=1976&ojday=1&nday=1&lmw=0&umw=10&lms=0&ums=10&lmb=0&umb=10&llat=0&ulat=10&llon=87&ulon=98&lhd=0&uhd=1000&lts=-9999&uts=9999&lpe1=0&upe1=90&lpe2=0&upe2=90&list=2&start=36967>
    with same search criteria

------------------------------------------------------------------------

See the CMT project <http://www.globalcmt.org/> web page for more
information on CMTs.

------------------------------------------------------------------------

Please email comments
<mailto:Meredith%20Nettles%20<nettles@ldeo.columbia.edu>>.
Last modified: 2011-06-29

