96.24 3.18 19 338 28 99 147 62 85
95.58 4.26 65 78 19 -140 310 78 -76
95.67 3.31 62 87 50 -176 354 87 -40
93.79 6.26 33 275 68 16 179 75 158
95.28 4.14 58 173 27 -50 309 70 -109
96.14 4.88 15 49 32 48 276 67 113
94.14 7.47 124 55 13 77 249 77 93
94.24 1.23 39 284 88 -179 194 89 -2
91.09 6.48 17 14 76 -7 106 83 -166
92.57 6.35 15 308 35 38 186 69 119
97.60 3.90 48 72 80 5 341 85 170
97.71 1.38 41 301 23 86 126 67 92
93.78 6.50 29 87 69 9 353 81 159
93.71 6.81 22 1 77 172 93 83 13
94.68 5.81 66 94 72 168 188 78 19
96.85 1.92 15 281 22 51 143 73 104
94.10 7.40 33 81 79 0 351 90 169
94.39 7.61 12 19 23 -98 208 68 -86
96.34 1.64 19 299 51 -144 184 63 -46
94.84 5.36 75 169 32 -44 298 68 -115
94.65 5.72 72 207 51 51 78 53 127
94.75 5.81 87 83 44 132 211 59 57
87.29 2.76 10 132 23 146 254 77 71
93.15 8.00 35 199 43 -43 324 62 -124
95.10 4.60 45 182 45 -25 289 73 -132
96.99 3.60 80 130 21 -78 297 70 -95
94.76 7.37 18 144 72 176 235 87 18
93.37 8.31 54 348 82 178 78 88 8
95.45 5.86 10 145 61 176 237 86 29
94.01 8.81 15 346 86 -178 256 88 -4
94.94 4.26 46 61 43 29 308 71 129
93.50 9.44 79 118 45 154 227 72 48
97.48 1.86 45 345 38 120 129 58 69
94.40 7.90 181 263 27 -132 128 70 -71
96.09 4.74 22 118 68 166 214 77 22
94.87 6.86 206 274 79 0 4 90 -169
94.51 4.01 45 176 46 -25 284 72 -133
95.24 4.31 52 192 71 0 102 90 161
94.38 4.72 36 141 36 130 275 63 65
97.16 1.87 15 349 4 139 119 88 87
95.21 4.65 111 56 34 -152 303 75 -59
92.04 6.28 15 291 71 -176 200 87 -19
94.68 7.75 33 62 66 16 326 76 156
94.47 7.65 15 138 58 -172 43 83 -32
95.13 6.90 33 56 49 -2 148 89 -139
95.80 5.13 101 169 54 28 62 68 141
96.22 4.99 31 309 62 177 40 88 28
95.92 2.66 51 345 28 126 125 67 72
95.93 3.55 50 313 27 89 133 63 90
94.50 8.05 15 332 73 -178 241 88 -17
95.40 3.32 39 171 38 125 310 60 66
93.86 7.75 15 185 73 180 275 90 17
97.52 4.02 15 122 67 178 212 88 23
97.36 3.44 33 85 51 41 326 59 132
97.49 3.64 35 87 29 66 294 64 103
93.93 8.14 21 347 86 179 77 89 4
93.48 7.41 33 219 43 0 309 90 -133
94.29 8.37 42 73 87 1 342 89 177
95.83 3.90 42 132 13 -38 260 82 -100
95.11 3.66 35 120 44 86 306 47 94
95.29 7.14 32 56 72 8 323 82 162
94.54 7.30 50 327 71 -168 233 78 -20
95.03 6.97 36 317 59 170 52 81 31
93.30 8.87 61 227 71 1 137 89 161
93.50 9.22 90 137 58 164 235 76 33
97.56 3.04 57 115 19 -98 303 72 -87
94.80 6.55 104 283 53 143 38 61 43
95.92 2.85 15 306 9 85 132 81 91
98.00 1.73 41 272 27 51 135 69 108
94.37 7.70 41 148 85 177 238 87 5
93.63 8.03 33 350 58 -154 246 68 -35
96.00 2.63 37 276 24 59 129 69 103
97.30 4.33 163 217 29 15 113 83 119
97.65 1.32 33 89 13 -130 310 80 -81
95.63 2.78 29 299 27 79 131 64 95
95.62 2.91 49 320 29 110 117 63 79
94.98 3.64 76 120 38 -99 311 52 -83
93.97 9.18 27 195 62 -156 93 69 -30
94.77 2.00 30 192 77 0 102 90 167
95.72 2.85 35 285 25 63 135 68 102
94.63 7.25 44 331 86 -178 241 88 -4
94.57 7.28 48 146 87 -179 56 89 -3
93.87 8.65 30 82 84 3 351 87 174
95.52 3.04 35 324 29 105 127 62 82
95.38 5.85 33 61 40 1 330 89 130
97.78 3.43 23 54 88 -1 144 89 -178
93.30 9.06 48 92 81 -4 182 86 -171
97.12 3.04 61 95 19 -140 327 78 -76
97.00 0.50 43 269 24 36 145 76 110
97.16 0.86 32 294 15 68 137 76 96
96.66 4.50 15 25 75 -4 116 87 -165
94.74 6.55 120 196 86 4 106 86 176
94.45 7.02 70 117 25 135 250 73 72
93.63 9.38 111 111 60 149 218 64 33
92.98 1.62 15 108 70 -169 14 80 -20
94.42 7.43 28 240 80 8 149 82 170
94.39 7.58 24 237 84 0 147 90 174
94.34 7.73 52 156 78 -180 66 90 -12
95.16 3.96 47 93 43 -152 341 71 -51
95.98 5.02 15 34 67 0 304 90 157
96.32 3.08 24 237 11 27 121 85 100
90.13 3.64 22 117 82 -178 26 88 -8
93.49 5.12 15 264 79 -11 356 79 -169
97.26 4.56 166 275 13 98 87 77 88
93.52 8.88 25 187 58 167 285 79 33
94.56 7.05 25 54 67 -5 146 85 -157
97.68 1.40 34 34 25 82 223 66 94
96.31 4.99 16 44 63 -4 135 86 -153
96.62 4.50 15 296 71 165 31 75 19
92.99 4.07 35 192 86 4 102 86 176
94.63 5.77 66 96 69 -175 5 86 -21
96.28 1.22 20 308 33 83 137 57 95
94.92 4.17 24 147 69 158 245 69 22
95.51 6.50 222 15 65 -168 280 79 -25
92.97 9.97 33 193 23 126 335 72 76
97.68 0.34 36 272 21 45 139 75 105
94.08 8.76 28 250 81 -2 341 88 -171
94.11 8.79 30 348 81 -178 258 88 -9
97.52 0.06 22 307 19 87 130 71 91
94.53 6.06 20 143 71 -179 52 89 -19
94.20 5.21 34 331 41 -126 195 58 -63
97.85 2.01 46 257 23 65 103 69 100
95.57 3.35 45 268 28 30 151 76 115
95.43 3.43 48 311 44 95 124 46 85
95.48 3.57 31 118 44 84 307 47 96
95.52 3.37 42 299 45 87 124 45 93
95.68 3.48 15 51 25 62 262 68 103
93.40 8.23 72 122 53 142 237 61 43
94.44 6.00 58 197 43 18 94 78 132
95.99 2.65 23 297 16 73 135 75 95
96.05 2.89 27 303 13 56 158 79 98
95.74 2.86 31 297 18 81 127 72 93
96.11 2.51 41 242 47 2 150 88 137
94.54 8.54 15 325 70 174 58 84 20
97.54 4.07 140 71 12 -132 293 81 -82
93.89 8.00 17 271 70 -7 3 84 -160
94.32 7.80 37 237 85 -5 327 85 -174
94.88 4.04 31 193 47 156 300 72 46
95.76 2.77 20 239 29 1 148 89 119
93.42 6.79 15 5 49 148 117 67 46
95.90 5.36 125 274 40 175 8 87 50
96.38 1.85 29 305 14 78 138 77 93
97.57 4.74 15 103 62 25 1 68 150
96.12 2.16 39 247 40 36 128 68 124
94.69 4.48 33 130 17 154 245 83 75
93.83 7.13 62 254 48 22 149 74 136
94.10 8.80 19 157 80 173 249 83 10
94.15 8.85 18 163 40 -156 54 75 -53
94.14 8.88 21 156 78 -174 64 84 -12
94.05 8.90 22 149 72 176 240 86 18
97.58 0.18 24 322 14 102 130 76 87
93.81 7.40 73 223 76 14 130 76 165
97.36 1.07 38 267 41 38 146 66 125
93.61 9.56 106 138 49 161 240 76 42
97.83 1.86 44 335 28 114 128 65 78
94.26 3.09 29 329 8 110 129 83 87
92.79 6.61 14 351 27 121 137 67 75
92.45 8.58 12 333 38 82 163 53 96
94.11 8.91 33 272 40 115 61 54 70
94.31 2.57 17 307 35 83 136 56 95
94.17 3.47 12 96 48 33 343 67 133
94.32 3.61 26 289 37 -73 88 55 -102
94.11 3.83 20 304 38 -91 126 52 -89
94.04 2.59 12 342 34 139 108 68 63
93.76 4.37 12 96 36 -131 323 64 -65
94.33 5.36 39 318 24 87 142 66 92
92.29 8.25 34 139 39 -109 342 53 -75
93.69 8.98 16 173 46 -121 34 52 -62
94.95 3.20 29 288 34 75 126 58 100
92.73 6.68 17 350 47 110 142 47 70
94.29 8.07 12 223 32 -23 333 78 -120
93.41 6.20 26 284 64 -161 185 73 -27
93.19 5.94 15 112 47 -171 16 84 -44
92.01 8.04 18 118 61 -173 24 84 -30
93.45 7.60 60 283 45 31 171 69 131
95.42 2.95 13 174 7 -43 307 85 -95
94.42 2.48 12 305 33 82 134 57 95
94.48 5.20 55 314 31 89 135 59 91
93.13 6.26 12 352 49 148 104 66 46
94.48 5.21 41 320 21 97 133 69 87
92.74 7.65 12 326 44 119 109 52 65
95.00 4.47 53 310 30 88 132 60 91
92.35 7.88 16 155 25 -126 14 70 -74
93.90 8.63 12 215 34 -23 325 77 -122
94.19 4.65 27 99 41 -132 329 61 -60
93.21 5.65 13 178 30 -71 335 62 -101
94.42 2.61 12 311 25 74 149 66 98
94.21 8.81 25 151 65 174 243 84 26
93.32 3.68 12 315 14 -43 87 81 -100
92.41 8.95 18 111 61 169 206 80 30
92.14 7.51 12 125 56 -141 10 59 -41
93.93 8.72 12 177 24 -79 344 66 -95
95.49 2.92 12 155 45 106 313 47 75
91.78 7.04 14 10 74 -11 103 79 -164
93.80 8.93 12 178 30 -83 350 60 -94
92.84 5.45 12 20 76 176 111 86 14
93.87 2.93 17 122 41 53 347 58 117
93.12 9.72 29 275 47 -67 63 48 -113
91.89 8.19 12 182 27 -56 325 68 -106
93.13 8.89 42 336 38 78 171 53 100
94.32 7.61 22 143 82 -174 52 84 -8
92.88 6.71 12 271 42 83 100 48 96
93.77 9.48 12 199 37 -74 0 55 -101
95.04 4.39 49 304 26 81 135 64 94
93.77 4.14 16 147 43 -79 313 48 -100
93.01 6.73 23 101 43 33 345 68 128
96.18 5.05 18 146 62 -167 50 79 -29
95.06 4.49 46 184 74 8 92 82 163
93.68 3.24 12 142 39 81 334 51 98
93.99 9.90 14 331 87 179 62 89 3
92.20 8.33 15 146 66 162 243 74 25
93.76 9.44 12 199 38 -76 1 54 -101
94.33 3.54 12 327 66 168 62 79 25
93.78 9.06 12 205 37 -49 338 63 -116
94.60 3.41 22 99 36 -148 342 72 -59
92.86 6.60 12 294 30 58 150 65 107
93.02 8.22 39 318 16 60 170 76 98
93.97 9.12 12 220 42 -46 347 61 -122
93.24 8.74 12 278 9 -173 181 89 -81
93.90 9.55 12 210 30 -61 358 64 -105
92.99 9.29 46 53 48 120 192 50 61
94.82 5.01 18 35 8 167 138 88 82
93.81 7.61 12 47 46 -122 269 52 -61
95.32 2.60 26 291 15 57 145 77 98
93.80 3.19 13 156 31 96 330 59 86
94.53 5.36 49 330 30 99 139 61 85
94.13 5.33 43 323 28 98 135 62 86
94.61 5.13 41 76 34 -162 331 80 -58
93.78 7.67 20 79 44 -89 257 46 -91
92.14 7.84 12 109 57 -179 18 89 -33
94.22 4.11 19 144 31 -64 294 63 -105
94.27 4.24 25 187 44 -70 340 49 -108
92.31 9.15 35 321 41 -125 184 58 -64
94.35 5.86 16 255 6 17 148 88 96
94.29 5.34 36 330 26 104 135 65 83
92.60 9.18 41 112 38 -158 4 76 -54
92.93 6.77 13 169 24 -57 313 70 -104
94.24 2.51 12 334 45 118 117 51 64
94.28 5.12 42 330 28 101 138 62 84
94.30 5.24 44 324 40 113 115 54 72
92.43 7.10 12 319 44 75 160 48 104
95.31 4.20 15 245 2 28 127 89 92
93.46 5.32 12 172 23 49 36 73 106
94.00 7.62 12 358 47 -133 232 58 -53
94.57 4.85 49 324 31 99 134 60 85
92.80 6.03 12 359 39 143 119 68 57
95.17 3.12 12 124 41 100 291 50 81
94.66 4.79 50 316 28 94 131 62 88
93.99 7.56 12 197 37 -92 20 53 -89
95.09 4.68 24 326 3 100 137 87 90
92.79 6.92 16 167 34 -97 356 57 -85
94.06 9.41 20 143 82 -177 53 87 -8
93.96 7.24 12 282 48 -23 28 73 -136
92.46 7.08 14 205 55 -37 318 60 -139
95.42 2.54 26 298 15 68 140 76 96
94.29 5.36 35 335 23 112 131 69 81
92.22 4.97 12 111 68 -173 18 84 -22
94.51 4.75 49 337 29 70 180 63 101
93.32 8.14 12 308 7 54 164 85 94
94.49 7.15 20 63 77 -13 156 78 -167
92.56 7.12 12 290 33 38 167 70 117
92.61 7.02 12 301 30 57 158 66 107
92.42 8.33 18 111 67 171 204 82 23
96.33 2.74 58 289 33 62 141 61 107
95.32 3.18 12 123 39 108 281 53 76
94.31 5.41 34 349 21 122 135 72 78
92.57 6.26 13 338 26 86 162 64 92
94.15 5.22 72 11 21 133 146 75 75
96.76 4.52 12 117 62 -166 21 78 -29
93.16 4.45 20 182 54 -32 293 64 -139
93.02 7.08 34 292 52 -128 164 52 -52
94.69 3.99 28 270 45 -80 76 46 -99
93.64 8.83 12 199 20 -112 43 72 -82
94.43 3.86 26 88 61 -170 353 81 -29
93.10 6.46 12 256 52 38 140 61 135
93.79 4.40 15 91 40 -137 326 64 -59
94.69 4.61 49 316 28 88 138 62 91
94.29 5.17 34 323 20 73 162 71 96
93.58 3.47 12 159 43 105 319 49 76
92.99 6.59 12 305 32 71 147 60 101
94.63 5.20 53 329 33 103 134 58 82
94.24 5.32 33 326 21 95 141 69 88
93.09 5.53 12 327 39 -105 166 53 -78
91.80 6.87 17 15 78 -4 106 86 -168
94.60 5.02 54 327 29 102 133 62 83
91.85 6.91 12 108 81 -178 18 88 -9
93.24 5.46 20 339 36 -69 134 56 -105
93.61 8.89 12 218 48 -61 358 50 -119
94.76 4.69 22 55 9 150 175 86 83
92.69 3.48 12 105 52 -168 8 81 -38
92.29 7.39 12 313 30 66 160 63 103
94.14 3.20 12 100 44 -112 310 50 -70
94.94 4.63 46 311 22 88 133 68 91
93.91 9.56 12 23 77 -11 115 79 -167
95.43 2.42 37 313 32 111 108 60 77
93.85 8.16 13 19 43 -117 233 53 -67
94.63 4.74 48 316 30 93 132 60 88
94.51 5.33 43 324 28 99 135 62 85
94.41 5.16 47 338 25 97 150 65 87
94.03 5.43 48 356 40 124 135 57 65
93.29 8.53 25 277 24 178 9 89 66
95.07 4.45 53 303 30 79 135 60 96
93.81 3.01 12 306 44 77 143 47 102
95.98 2.68 35 4 67 159 102 71 25
95.92 3.58 46 300 36 75 138 55 101
93.97 8.34 26 173 82 -173 82 83 -8
92.55 3.68 12 113 53 -160 11 74 -39
93.20 6.42 22 354 30 -90 174 60 -90
93.33 5.41 25 333 39 -83 143 52 -96
97.42 1.37 31 316 36 110 112 56 76
94.06 3.40 12 115 49 48 350 56 128
93.96 3.58 12 120 46 39 0 63 129
94.15 3.25 15 133 38 66 343 56 108
94.74 4.94 40 92 59 154 197 68 34
94.32 2.43 12 283 46 57 145 53 119
94.31 2.66 17 90 63 5 358 86 153
96.21 4.80 20 142 78 -170 50 80 -12
92.40 7.22 15 112 83 -176 21 86 -8
94.72 4.54 37 316 29 82 145 61 94
94.60 5.15 59 314 31 92 132 59 89
96.21 2.69 60 246 47 20 142 75 135
94.14 8.20 12 165 71 -161 69 72 -20
94.47 2.47 12 300 31 72 140 60 101
94.14 7.92 21 157 70 -180 67 90 -20
94.23 7.94 15 158 37 -153 46 74 -56
94.36 5.07 52 344 26 92 162 64 89
94.20 7.94 20 154 64 -176 62 87 -26
94.21 7.89 13 144 49 -179 53 89 -41
94.18 7.90 20 155 65 -174 62 85 -25
94.20 7.99 15 150 48 -177 58 88 -42
94.18 7.94 12 148 39 -153 36 74 -54
94.17 7.92 19 166 78 -171 74 81 -12
94.19 7.95 14 159 41 -158 52 75 -51
94.21 7.99 22 153 62 178 244 88 28
94.22 7.98 23 9 54 -139 252 58 -44
94.20 7.96 17 260 76 1 170 89 166
94.25 7.90 22 142 58 -175 50 86 -32
94.20 7.93 14 170 55 -164 71 77 -37
94.17 7.93 12 168 83 -178 78 88 -7
94.22 7.96 15 138 75 178 229 88 15
94.21 7.89 16 162 36 -169 63 83 -55
94.22 7.83 15 145 51 -176 53 87 -39
94.26 8.11 16 240 43 -27 350 72 -129
94.16 7.94 18 172 61 -174 79 85 -29
94.25 7.87 20 144 65 177 235 87 25
94.22 7.98 25 169 66 -173 76 84 -25
94.16 7.92 20 163 54 -162 62 76 -37
94.26 7.99 12 141 42 -169 43 83 -49
94.11 7.91 14 174 90 180 264 90 0
94.15 8.02 12 246 58 -29 353 65 -145
94.20 7.92 12 76 86 0 346 90 176
94.16 7.88 16 181 39 -143 60 67 -57
94.28 7.98 12 184 86 178 274 88 4
94.14 7.86 17 152 61 -177 60 87 -29
94.25 7.92 23 148 62 -173 55 84 -28
94.20 7.77 18 150 69 178 241 88 21
94.24 7.84 22 154 67 177 245 87 23
94.17 7.92 20 166 79 -177 76 87 -11
94.16 7.97 16 155 67 -170 62 81 -23
94.14 7.95 17 155 35 -151 41 74 -58
94.20 7.95 22 160 62 -175 67 85 -28
94.21 7.66 25 268 51 -6 2 85 -140
94.16 7.94 12 263 61 -15 1 77 -150
94.25 7.74 23 163 52 -154 56 70 -41
94.18 7.76 32 162 66 160 261 72 25
94.25 8.04 32 171 78 -175 80 85 -12
94.14 7.94 12 81 82 -2 171 88 -172
94.24 7.81 19 149 78 -174 58 84 -12
94.25 7.78 19 156 62 178 247 88 28
94.17 7.92 13 187 36 -125 48 61 -67
94.24 7.85 16 146 65 -173 53 84 -25
94.17 7.91 12 189 42 -125 52 56 -63
94.20 8.00 19 165 49 -152 56 69 -45
94.07 8.16 15 202 36 -121 58 60 -70
94.24 5.41 31 329 20 103 136 70 85
94.19 8.01 23 159 58 -165 62 78 -33
94.19 8.01 23 167 41 -153 57 73 -52
94.19 8.01 23 191 27 -138 63 72 -69
94.19 7.97 16 159 58 -165 62 78 -33
94.19 7.97 16 167 41 -153 57 73 -52
94.19 7.97 16 191 27 -138 63 72 -69
94.19 7.89 15 159 58 -165 62 78 -33
94.19 7.89 15 167 41 -153 57 73 -52
94.19 7.89 15 191 27 -138 63 72 -69
94.18 8.11 17 184 81 -172 93 82 -9
93.70 9.74 12 57 82 -1 147 89 -172
94.26 7.99 15 125 49 -176 32 87 -41
94.17 7.98 17 154 57 -163 54 76 -34
94.17 7.98 17 211 27 -90 31 63 -90
94.17 7.95 12 154 57 -163 54 76 -34
94.17 7.95 12 211 27 -90 31 63 -90
94.18 8.00 12 235 45 -56 12 54 -119
94.31 8.05 22 170 40 -145 52 68 -56
94.20 8.02 12 155 53 -163 54 77 -39
94.23 7.89 23 142 60 160 243 73 32
94.25 8.00 22 166 47 -139 45 61 -51
94.21 7.84 18 154 62 -175 62 85 -28
94.17 7.94 12 198 42 -119 55 54 -66
94.23 7.96 12 204 27 -102 38 63 -84
94.23 7.96 12 202 37 -97 31 54 -85
94.23 7.96 28 204 27 -102 38 63 -84
94.23 7.96 28 202 37 -97 31 54 -85
94.20 7.87 16 144 48 -163 43 78 -43
94.15 7.99 12 241 39 -39 4 66 -122
94.20 8.06 12 244 54 -45 4 56 -134
94.23 7.89 18 164 54 174 258 85 37
94.18 7.88 12 144 60 -170 49 82 -30
94.20 7.82 17 149 50 -168 51 81 -41
94.21 7.73 17 31 64 -29 134 65 -151
94.17 7.85 12 143 60 -171 49 82 -30
94.16 7.79 18 152 66 -168 57 79 -24
94.23 7.82 16 143 60 -168 47 80 -30
94.17 8.01 12 217 37 -82 27 54 -96
94.27 7.82 18 147 44 -161 43 77 -48
94.11 7.84 13 143 55 -177 51 88 -35
94.21 8.00 22 160 63 -177 69 88 -27
93.91 7.66 19 45 39 -34 163 69 -124
94.23 7.84 17 145 67 -170 51 81 -24
94.22 8.07 12 233 44 -60 14 53 -116
94.30 8.12 12 219 31 -68 14 61 -103
94.20 7.86 12 143 61 -167 47 79 -29
94.23 7.75 21 155 68 177 246 87 22
94.01 7.71 15 224 31 -55 5 65 -109
94.24 8.05 12 228 41 -63 14 54 -112
92.56 7.21 12 107 40 -157 359 75 -52
94.23 7.77 21 159 81 -176 68 86 -9
94.52 4.84 52 308 29 78 141 62 96
94.25 8.09 12 229 39 -59 11 58 -113
94.20 7.82 12 142 64 -175 50 85 -26
93.59 3.21 12 325 44 85 152 46 95
93.74 3.04 12 125 45 49 356 58 123
94.29 7.76 15 148 52 -174 54 85 -38
94.25 8.18 25 151 61 -175 59 86 -29
94.26 8.05 12 222 35 -63 10 60 -108
94.15 5.25 46 316 31 92 134 59 89
94.33 8.11 16 236 48 -51 5 55 -125
94.29 7.72 15 134 62 -171 40 82 -28
94.22 8.10 12 242 57 -37 354 60 -141
94.21 7.75 19 154 75 -174 63 84 -15
94.20 7.82 12 145 32 -164 42 82 -59
94.19 8.01 12 211 28 -96 38 62 -87
94.18 7.80 12 146 67 -167 51 78 -23
94.21 8.13 20 176 79 -170 84 80 -11
94.21 8.13 20 245 49 -45 8 58 -129
94.21 8.07 14 176 79 -170 84 80 -11
94.21 8.07 14 245 49 -45 8 58 -129
94.18 8.03 12 12 50 -130 245 54 -52
94.23 8.06 12 1 62 -151 256 65 -31
94.25 8.06 19 168 84 176 259 86 6
94.08 8.00 12 64 41 -49 195 61 -119
94.18 7.94 12 198 47 -130 68 56 -56
94.22 8.04 12 261 67 -23 1 69 -155
94.22 8.04 12 239 55 -40 355 58 -137
94.22 8.14 12 261 67 -23 1 69 -155
94.22 8.14 12 239 55 -40 355 58 -137
94.24 8.13 16 96 70 0 6 90 160
94.23 8.02 19 267 47 -54 40 54 -122
96.72 4.14 16 124 64 -172 30 83 -26
94.22 8.09 12 357 70 -166 262 77 -21
94.22 8.09 12 271 88 -2 1 88 -178
94.22 8.03 12 357 70 -166 262 77 -21
94.22 8.03 12 271 88 -2 1 88 -178
94.26 8.09 12 239 52 -41 357 59 -134
94.21 7.81 12 145 60 -168 49 80 -31
94.18 9.99 12 24 39 -113 232 55 -73
94.22 8.08 12 24 42 -120 242 55 -66
94.10 9.94 12 34 38 -114 243 56 -73
94.36 4.94 43 322 27 106 124 64 82
94.12 9.96 12 29 46 -115 243 49 -66
94.21 2.67 12 129 33 89 311 57 91
94.32 8.09 12 234 36 -60 18 59 -110
94.06 9.93 12 17 42 -140 254 65 -56
94.41 5.17 32 334 21 105 138 69 84
94.27 8.09 12 89 86 0 179 90 -176
90.37 6.47 14 11 79 -1 101 90 -169
92.83 6.54 15 352 30 129 128 67 70
93.25 5.57 35 17 67 7 285 84 157
95.51 2.13 40 259 41 28 147 72 127
94.20 7.76 13 157 75 -171 65 81 -16
95.03 2.20 12 118 41 93 294 49 88
94.26 8.06 12 221 37 -78 26 54 -99
94.27 8.08 15 2 85 176 92 86 5
94.23 8.07 12 243 55 -42 360 57 -137
95.05 2.09 12 258 46 48 131 58 125
92.53 6.79 12 334 38 72 176 55 103
95.03 4.51 47 310 25 89 132 65 91
94.20 8.01 12 184 46 -136 60 60 -53
93.00 5.50 36 13 82 -5 104 85 -172
94.61 4.82 51 323 30 101 130 61 84
94.70 4.85 42 323 27 100 132 63 85
92.11 1.85 12 106 66 -174 14 84 -24
94.23 8.17 13 351 85 176 82 86 5
95.05 4.37 50 302 28 78 135 63 96
94.35 5.31 36 327 22 103 133 68 85
95.17 2.19 12 232 83 -2 322 88 -173
94.37 4.97 34 345 44 103 147 48 78
93.67 3.25 12 159 39 108 317 53 76
95.19 2.32 45 295 31 79 128 59 97
95.51 2.53 27 277 15 46 142 79 101
93.76 8.68 28 9 45 -65 157 50 -112
94.23 7.71 15 153 61 -169 58 80 -30
94.12 2.62 12 298 42 73 141 50 105
95.40 2.80 12 294 6 66 139 84 93
95.49 2.77 40 282 29 -84 95 61 -93
91.31 9.05 29 312 32 49 178 67 112
93.38 3.30 16 180 39 -48 311 62 -118
95.12 2.26 16 330 59 161 70 74 33
94.38 7.47 13 141 59 -172 47 83 -31
93.02 9.48 53 2 37 104 165 55 80
94.62 5.16 55 309 31 85 135 59 93
91.60 9.72 12 51 61 168 147 79 29
94.42 5.42 42 334 28 107 134 63 81
93.05 9.47 55 2 35 100 170 55 83
94.32 5.37 35 349 23 126 131 72 76
94.93 4.66 45 313 23 90 133 67 90
95.62 3.55 47 301 31 74 140 60 100
94.25 5.30 34 328 22 97 140 69 87
97.07 1.67 26 333 8 118 125 83 86
96.95 0.30 28 163 46 -60 304 51 -117
96.39 2.39 30 302 17 99 113 73 87
97.10 0.49 35 296 32 84 122 59 93
95.99 2.62 23 167 33 -48 300 66 -114
97.37 1.72 47 321 30 89 142 60 91
97.73 1.01 18 80 29 -90 260 61 -90
97.02 1.86 58 279 37 65 130 57 108
97.16 0.78 33 320 34 113 113 59 75
96.85 1.38 26 303 14 85 128 76 91
96.84 1.45 27 279 17 58 132 75 99
97.18 2.29 54 306 30 88 128 60 91
95.21 2.67 24 298 14 72 137 76 95
95.25 2.54 25 303 13 77 136 78 93
97.08 1.03 31 334 29 123 117 66 73
94.19 5.46 39 348 38 90 168 52 90
96.91 1.14 37 349 44 101 154 47 80
96.49 1.68 39 304 35 94 119 55 87
96.84 1.50 24 271 21 49 135 75 104
96.84 1.50 24 327 20 103 134 70 85
96.84 1.24 26 271 21 49 135 75 104
96.84 1.24 26 327 20 103 134 70 85
96.81 1.45 25 317 13 97 130 77 88
96.14 2.65 24 194 37 -45 323 65 -118
94.54 5.09 36 333 33 79 166 57 97
96.94 1.21 30 325 29 99 135 61 85
97.57 0.29 18 311 27 109 110 65 81
96.83 1.39 31 349 38 106 149 54 78
97.15 0.51 17 256 63 7 163 84 153
96.18 2.35 12 337 11 112 134 80 86
96.34 2.80 12 39 37 -97 228 53 -85
96.57 2.93 22 232 39 -55 10 59 -115
96.65 2.20 36 301 31 79 134 59 97
96.92 2.86 35 311 24 83 138 66 93
96.90 0.14 12 306 34 -142 182 70 -62
97.23 1.16 21 297 23 70 138 68 98
97.17 0.75 12 335 78 -171 243 81 -12
96.35 2.68 19 209 38 -110 54 55 -75
92.97 2.44 15 95 74 -171 3 81 -16
97.74 1.81 46 329 24 111 127 68 81
96.81 1.16 20 331 20 99 142 70 87
95.64 2.46 39 252 58 8 158 83 147
96.32 2.89 18 210 35 92 27 55 88
93.71 9.75 12 184 37 -140 60 67 -60
96.72 1.98 35 305 27 89 127 63 91
97.17 1.00 33 7 34 108 165 58 78
97.76 1.49 36 329 19 104 135 72 85
97.17 1.18 31 337 39 122 119 58 67
94.73 4.75 43 51 47 -114 264 48 -67
97.59 2.04 66 340 46 148 93 68 48
94.22 4.91 38 311 35 92 128 55 88
96.75 0.19 16 336 34 -75 138 57 -100
97.00 1.58 43 344 81 -171 253 81 -10
96.20 1.97 42 348 55 174 82 85 35
96.15 2.37 28 7 38 96 180 52 86
96.58 1.70 40 314 27 105 117 63 82
96.98 1.09 23 338 27 116 129 66 78
96.33 0.30 21 337 38 -88 154 52 -92
97.31 0.52 12 134 62 149 239 63 31
97.40 0.88 35 114 33 111 269 59 77
96.88 1.30 26 312 20 73 150 71 96
96.83 1.15 36 317 29 92 135 61 89
97.34 0.50 12 326 82 -179 236 89 -8
96.78 1.19 34 326 28 98 137 62 86
96.94 1.14 29 353 37 115 143 57 73
96.48 1.92 24 308 18 81 137 72 93
96.50 1.87 24 310 20 89 132 70 90
96.39 1.93 50 250 55 16 151 77 144
93.62 3.34 14 129 42 68 337 52 108
96.34 2.88 12 191 29 91 10 61 89
96.73 0.98 24 316 24 73 155 67 98
97.46 1.67 34 344 19 129 124 75 78
97.75 0.31 12 178 8 -67 335 82 -93
97.12 0.87 30 330 22 99 139 69 86
96.00 1.78 42 313 27 101 120 64 84
95.74 2.40 25 295 13 77 129 77 93
96.22 2.09 36 321 28 115 112 65 77
97.01 0.83 21 298 16 71 138 75 95
93.87 3.08 21 323 34 70 166 58 103
96.80 2.27 31 277 32 45 146 68 114
97.11 0.48 12 152 33 -51 288 65 -112
97.45 0.47 31 154 45 -30 266 69 -131
97.28 0.43 13 140 20 -90 320 70 -90
94.04 7.74 12 219 37 -57 360 59 -113
97.01 1.14 19 327 13 106 131 77 86
93.14 4.22 12 320 46 66 173 49 113
93.72 8.66 18 227 50 -53 358 52 -125
96.55 1.84 23 301 15 75 136 75 94
96.76 1.75 29 315 21 91 134 69 89
97.85 0.95 16 338 34 -110 181 59 -77
96.95 1.18 29 300 25 66 146 67 101
95.43 1.96 40 304 32 86 129 58 92
96.89 0.23 15 112 67 -164 16 76 -24
96.17 2.80 51 339 74 -164 245 75 -16
91.64 9.19 12 41 59 154 146 68 34
94.87 4.60 42 89 60 -174 355 84 -30
94.18 5.18 38 337 30 91 155 60 89
94.76 4.85 40 319 26 95 134 64 88
97.10 0.90 20 314 15 92 131 75 89
97.00 0.93 22 312 19 84 139 71 92
97.03 2.91 22 17 15 118 167 77 83
94.47 5.01 19 349 9 91 168 81 90
96.10 1.84 41 314 28 107 115 64 81
93.24 5.60 12 348 42 -63 134 54 -112
93.54 3.60 12 132 32 55 351 64 109
97.73 0.63 22 357 21 83 185 69 93
93.21 5.58 37 15 67 6 283 85 157
96.74 1.88 12 290 8 65 135 83 93
97.26 0.49 19 144 21 -65 298 71 -99
97.86 1.77 49 331 35 89 152 55 91
97.18 1.09 36 346 45 149 99 69 50
94.71 5.03 44 325 24 100 135 66 86
97.26 0.70 33 323 31 98 134 60 85
94.41 2.48 12 315 33 103 119 58 81
97.23 1.21 32 257 50 19 155 76 138
95.37 2.49 26 276 19 43 145 77 104
97.24 1.32 33 303 31 81 133 59 96
93.19 5.60 15 107 50 -175 14 86 -40
96.66 1.77 24 358 31 113 152 61 77
96.26 0.77 14 153 33 -85 327 57 -93
94.57 5.23 21 311 8 33 188 86 97
94.60 5.21 52 340 32 103 144 59 82
96.96 1.21 12 338 11 112 136 80 86
95.05 2.83 18 330 67 168 65 79 23
96.46 1.86 24 308 19 85 134 71 92
96.83 1.48 25 310 11 91 129 79 90
97.29 0.80 26 321 17 100 130 74 87
96.29 1.61 40 249 70 -9 342 82 -159
94.06 7.68 12 235 41 -32 350 69 -126
94.07 2.75 12 140 39 96 313 51 85
92.13 7.73 17 108 81 176 199 86 9
94.64 5.33 46 337 30 111 133 62 79
96.69 1.80 24 296 20 70 138 71 97
93.15 3.71 16 103 49 -175 9 86 -42
97.44 1.41 35 87 69 19 350 72 157
97.09 1.09 21 322 24 93 138 66 89
95.94 2.02 36 288 29 67 134 64 102
94.53 4.75 51 316 33 99 125 58 84
92.63 6.75 20 341 43 81 173 47 98
95.12 4.37 51 300 29 76 137 62 98
93.18 4.12 12 323 45 74 165 47 105
97.20 1.25 22 338 33 123 120 63 71
91.88 7.79 12 112 56 -177 20 88 -34
96.95 1.09 12 325 10 87 148 80 91
96.93 1.56 16 329 8 107 131 83 88
95.17 2.20 12 81 35 17 337 80 124
93.24 3.88 12 337 32 87 160 58 92
97.29 0.88 12 337 57 171 72 82 33
94.44 2.45 12 338 46 144 95 65 50
96.88 0.77 44 317 38 120 100 58 69
97.00 0.93 22 319 16 94 135 74 89
94.30 7.56 14 161 45 -153 51 71 -48
96.12 4.07 19 348 72 -175 257 85 -18
94.52 2.45 12 336 44 104 137 48 77
96.97 2.27 15 189 3 -25 304 89 -92
94.37 5.45 32 336 19 87 160 71 91
93.09 5.22 18 109 64 -174 16 84 -27
94.47 5.03 47 338 31 110 135 62 78
91.88 7.92 12 29 68 -2 120 89 -158
92.07 7.79 12 201 68 3 110 87 158
91.92 8.11 12 207 33 -41 333 69 -116
92.22 7.85 12 129 65 -174 36 85 -25
96.50 0.94 12 308 16 78 141 74 93
97.08 1.75 41 339 51 153 87 69 42
91.56 8.44 12 353 44 -126 218 56 -61
96.04 2.52 34 303 29 91 122 61 90
93.73 3.28 19 157 34 109 314 58 77
93.76 3.43 12 155 27 95 330 63 88
95.65 2.39 44 345 69 -178 255 89 -21
92.27 8.49 27 209 79 6 118 84 169
93.45 2.85 12 112 46 -153 3 71 -48
97.13 0.91 26 346 12 118 138 79 84
92.01 7.61 21 181 23 -131 45 73 -74
94.32 5.16 31 356 18 133 132 77 77
97.39 0.26 22 345 48 -45 109 58 -129
97.55 0.08 24 291 18 71 131 73 96
97.67 0.39 38 327 32 116 117 61 75
97.35 1.41 32 354 47 148 106 67 48
94.25 5.22 35 326 34 97 138 56 86
92.58 6.68 12 344 40 88 167 50 92
94.33 7.78 24 147 74 175 239 85 16
94.00 2.92 12 335 44 109 130 49 73
96.95 1.20 22 321 20 95 136 70 88
94.58 5.13 62 307 34 83 136 56 95
96.80 1.93 32 337 38 99 145 53 83
94.57 5.30 43 323 27 102 130 64 84
97.08 1.40 23 319 25 94 135 65 88
95.17 4.31 14 47 32 -75 210 60 -99
97.48 0.16 23 312 18 85 137 72 92
95.80 5.33 28 3 40 -68 156 54 -107
94.63 4.77 51 328 32 106 129 60 80
94.79 4.42 60 335 49 138 96 60 49
92.28 7.76 28 193 40 -67 344 54 -108
97.55 0.06 12 98 72 10 5 81 162
94.66 5.05 60 293 33 66 141 60 105
97.03 0.55 16 254 43 32 140 69 129
94.98 4.61 46 313 23 93 129 67 89
91.92 8.11 12 203 31 -50 338 67 -111
91.93 8.14 17 196 29 -54 336 67 -108
96.17 2.47 31 290 31 64 140 63 105
94.16 7.60 12 189 20 -96 15 70 -88
97.31 1.40 33 341 47 138 102 60 51
95.42 4.43 52 90 46 -146 335 66 -49
95.89 3.74 46 324 30 143 87 72 65
97.94 0.38 12 193 25 -163 87 83 -66
96.90 1.01 12 347 5 119 138 85 87
94.35 5.31 34 330 21 112 126 71 82
94.14 5.37 41 328 28 100 137 62 85
95.71 5.33 23 135 74 -174 44 84 -16
92.06 7.83 29 124 46 -170 27 83 -44
93.98 7.74 19 229 36 -45 358 66 -117
97.99 2.11 12 354 7 136 128 85 85
95.02 4.49 49 311 25 89 131 65 90
97.82 1.82 44 319 22 99 129 68 86
94.26 3.56 12 100 56 8 6 83 146
95.63 2.34 42 317 30 110 114 62 79
96.15 1.96 32 279 29 53 140 68 108
95.93 1.97 43 333 39 140 96 66 58
97.36 1.84 33 334 41 133 102 61 59
96.96 0.97 21 321 17 96 135 74 88
95.38 2.46 31 313 26 97 125 65 87
96.51 1.89 23 306 15 78 138 75 93
97.19 0.46 29 61 30 41 294 71 113
96.98 0.92 22 332 18 106 135 73 85
96.98 0.92 22 309 28 93 126 62 89
96.98 0.80 37 332 18 106 135 73 85
96.98 0.80 37 309 28 93 126 62 89
93.82 3.18 19 150 41 105 310 51 77
97.08 1.10 26 288 33 27 175 75 120
97.43 0.65 39 261 72 -6 353 85 -162
95.19 3.29 24 183 80 9 92 81 170
96.48 2.32 34 328 41 128 103 59 62
96.90 1.11 33 315 23 90 136 67 90
97.27 0.20 14 143 35 59 359 61 110
94.31 4.99 44 305 31 79 138 60 97
95.66 2.39 24 299 18 74 135 73 95
95.06 4.36 55 293 30 72 134 62 100
97.67 0.03 37 313 30 93 129 60 88
97.58 1.22 31 332 34 115 123 60 74
94.49 4.86 40 330 28 105 133 63 82
97.28 1.35 35 263 57 15 164 77 146
95.74 2.16 43 256 48 20 153 76 136
95.90 2.34 23 293 19 70 134 72 97
92.91 4.95 12 176 41 119 320 55 67
96.25 1.58 45 303 29 88 125 61 91
95.88 2.59 29 185 41 -56 323 57 -116
96.87 1.42 25 336 19 119 126 74 81
96.84 0.89 36 324 31 97 135 60 86
95.19 2.38 43 291 30 69 135 62 102
96.00 2.16 35 304 25 82 133 65 94
94.18 5.26 47 328 34 117 116 60 73
94.59 5.27 54 328 31 105 131 60 81
95.44 2.62 26 341 19 87 164 71 91
96.22 3.88 12 14 39 -122 232 57 -67
97.13 1.30 32 328 29 124 111 66 73
94.64 4.84 46 324 29 105 127 62 82
95.96 3.84 57 291 34 35 170 71 118
94.01 2.78 15 154 34 89 335 56 91
95.24 2.61 38 276 35 45 147 66 116
97.12 3.36 31 146 44 -170 49 83 -47
95.13 2.04 19 136 17 33 15 81 104
96.17 2.03 36 296 24 81 125 66 94
97.22 0.36 12 171 26 -52 311 70 -106
92.96 4.65 12 343 34 97 155 56 85
92.90 9.60 62 9 41 124 147 57 64
93.22 2.70 17 110 66 -176 19 86 -24
96.44 1.77 35 353 48 159 98 75 44
96.77 1.78 12 293 7 66 137 84 93
96.03 4.39 82 168 67 9 74 82 156
97.24 3.06 23 46 72 0 316 90 162
97.05 1.02 24 328 26 114 122 66 79
94.30 5.33 43 320 28 91 139 63 89
96.98 0.01 14 92 60 -171 358 82 -31
92.45 6.96 13 336 43 91 155 47 89
96.84 0.10 16 137 35 -57 278 61 -111
94.41 5.27 52 338 32 112 132 61 77
94.29 2.59 16 146 38 114 296 56 72
97.01 0.95 34 293 29 70 136 63 101
92.46 6.83 12 328 40 80 161 51 98
93.75 8.81 20 126 71 -160 29 71 -20
92.57 6.31 12 342 27 85 167 63 92
93.41 3.75 12 313 47 66 166 48 114
97.01 1.66 15 336 5 115 131 85 88
96.91 1.02 33 315 24 93 131 66 89
96.27 4.76 21 138 80 -179 47 89 -10
96.18 2.10 21 301 12 77 134 78 93
94.54 5.27 54 320 31 99 130 60 85
95.24 4.29 57 278 36 43 151 66 118
97.11 0.10 30 137 24 -93 321 66 -89
94.59 4.84 49 330 30 112 125 62 78
97.61 1.15 37 325 37 120 110 59 70
93.17 9.43 54 7 33 101 174 58 83
97.22 0.76 35 339 36 142 101 69 60
95.09 4.80 41 138 45 98 306 46 82
97.12 0.93 31 328 24 102 135 67 85
97.26 0.78 36 311 29 93 128 61 88
97.19 1.03 18 70 20 -109 271 71 -83
94.57 4.58 36 321 22 91 140 68 90
94.67 4.60 23 335 13 97 147 77 88
96.79 2.76 45 309 42 -84 122 48 -95
96.27 4.76 22 141 80 -173 50 83 -10
94.59 4.80 53 319 32 94 134 58 87
94.89 4.58 54 314 27 93 131 63 89
97.94 2.42 62 135 34 -83 307 56 -95
94.28 5.25 44 329 28 105 132 63 82
97.65 0.07 31 324 20 99 135 70 87
92.30 8.03 12 317 32 65 165 61 105
89.66 2.00 24 111 74 178 201 88 16
95.58 2.36 37 301 27 80 132 64 95
97.03 1.36 40 331 37 132 103 64 64
93.76 8.37 77 136 60 167 233 78 31
94.47 6.12 64 193 58 21 91 72 146
97.22 0.33 12 320 38 119 105 57 69
94.23 5.04 34 327 32 99 136 59 84
97.17 0.39 12 300 32 116 90 61 74
97.26 0.98 31 323 25 94 138 65 88
96.23 3.60 43 71 41 146 188 69 54
97.74 1.80 49 333 26 115 126 67 79
91.54 9.18 12 16 68 177 108 87 22
95.48 2.74 12 293 8 65 138 83 93
94.43 5.09 49 319 25 95 133 65 88
94.38 5.29 51 334 33 110 131 59 77
96.98 0.90 30 313 25 92 131 65 89
96.07 3.68 56 282 34 67 129 59 105
96.54 1.73 37 278 32 56 136 64 109
95.39 2.48 12 358 61 167 95 78 30
94.03 8.31 12 124 63 178 215 88 27
95.93 2.19 36 298 27 82 127 63 94
94.50 5.21 54 316 32 93 133 58 88
97.72 5.14 12 116 35 100 284 56 83
97.72 5.14 12 321 29 52 182 67 109
97.72 2.14 50 116 35 100 284 56 83
97.72 2.14 50 321 29 52 182 67 109
92.52 7.06 12 321 43 79 156 48 100
91.04 6.68 21 20 77 -7 111 84 -167
97.39 0.02 35 313 24 92 130 66 89
97.62 0.10 36 309 27 97 121 64 87
95.21 2.46 38 303 26 78 136 65 96
95.39 2.71 15 288 8 57 141 83 94
92.83 2.47 12 110 63 -170 15 81 -27
91.64 9.71 12 17 71 173 109 84 19
96.19 2.81 41 318 28 111 114 64 79
93.79 7.76 18 60 41 -105 260 50 -77
95.01 4.46 52 313 27 92 130 63 89
96.87 0.29 19 125 39 -109 329 53 -75
97.75 1.81 50 335 27 116 126 66 77
96.58 1.92 25 295 9 65 141 82 94
95.95 5.63 26 129 47 167 227 81 43
94.62 5.21 57 323 32 104 126 59 81
97.18 0.87 23 332 17 103 138 73 86
96.72 1.07 37 304 29 73 143 63 99
97.01 0.92 24 328 23 103 134 68 85
95.98 2.69 15 299 11 80 130 79 92
93.26 3.81 12 344 35 99 153 56 84
92.50 3.80 24 115 60 179 205 89 30
94.71 4.68 50 318 31 99 127 60 85
94.51 2.47 12 305 33 77 140 58 98
95.17 2.66 20 300 10 75 135 81 93
91.77 8.25 12 6 43 -90 186 47 -90
94.49 5.21 53 318 32 108 117 59 79
95.05 4.37 51 298 28 78 132 63 96
97.53 0.10 31 315 23 97 127 67 87
97.28 0.37 39 297 26 76 132 65 96
92.66 6.76 12 337 35 86 161 55 92
96.97 1.00 20 322 19 110 121 72 83
97.00 1.12 14 321 14 100 131 77 88
96.28 1.83 29 293 19 74 130 72 95
96.03 2.13 30 304 20 86 129 70 92
96.97 0.91 24 328 17 107 130 73 85
93.76 8.76 19 353 45 -110 199 48 -72
94.13 8.71 22 161 55 -160 60 74 -37
94.11 8.73 25 156 59 -167 60 79 -31
93.27 4.46 14 82 69 -163 346 75 -22
92.20 7.71 12 212 44 -35 328 67 -128
94.75 6.82 145 4 51 14 265 80 140
94.95 4.55 51 311 26 92 129 64 89
94.40 6.53 68 212 57 40 98 58 140
96.89 0.06 17 100 45 -154 351 72 -48
96.86 1.19 23 327 20 106 131 71 84
95.03 4.43 48 297 26 85 123 64 93
94.11 5.10 36 338 35 112 132 58 75
94.54 6.28 62 258 45 79 94 46 101
96.74 0.79 37 316 27 90 136 63 90
97.53 3.18 20 123 62 -175 31 86 -28
93.80 9.12 12 208 40 -61 352 56 -112
96.72 0.23 13 128 33 -107 328 59 -79
93.78 9.03 20 183 39 -96 10 51 -85
96.59 4.43 12 120 73 -168 27 78 -18
96.92 0.21 17 164 43 -46 291 61 -123
94.41 5.29 50 352 37 112 145 56 74
94.14 5.17 36 307 33 50 172 65 113
91.86 8.05 20 124 76 170 216 80 14
96.19 4.74 22 50 83 -4 141 87 -173
96.97 0.05 12 157 43 -61 300 53 -115
95.70 2.40 23 298 18 74 134 73 95
93.75 2.95 13 102 55 -168 5 80 -36
94.10 2.71 12 120 33 80 312 58 97
93.06 4.61 14 96 60 -159 355 72 -32
96.81 1.16 24 331 20 108 132 71 83
96.74 2.07 18 307 7 88 129 83 90
91.94 7.83 28 133 61 -170 38 81 -30
95.78 3.36 37 308 15 88 130 75 91
95.69 3.24 42 311 24 93 128 66 89
95.77 4.71 88 65 63 156 167 69 29
91.65 7.85 33 220 63 31 115 63 149
91.82 7.71 12 113 63 -172 20 83 -28
91.92 7.98 19 196 47 -51 326 56 -124
91.67 7.41 12 125 62 -179 34 89 -28
91.85 7.69 15 113 80 -178 23 88 -10
91.96 7.72 17 134 58 173 228 84 32
91.85 7.65 14 110 79 -177 19 87 -11
96.68 1.09 36 338 30 103 142 61 83
96.85 1.18 23 326 21 97 139 69 87
96.45 2.01 24 320 18 100 130 73 87
94.24 7.73 20 154 84 -179 64 89 -6
96.74 1.65 17 303 11 86 127 80 91
94.62 4.78 48 324 30 103 129 61 82
94.60 4.84 45 321 30 103 126 60 82
95.19 3.60 32 322 19 68 165 73 97
94.51 6.68 84 217 47 47 91 58 126
95.70 6.56 258 31 58 -157 288 71 -34
95.91 3.81 44 307 33 68 152 60 103
94.55 5.27 53 324 32 104 127 59 81
95.59 2.44 23 312 16 89 133 74 90
95.86 3.58 40 301 36 91 121 54 90
90.37 4.20 14 109 63 -175 17 85 -27
96.13 2.26 17 306 14 81 135 76 92
96.22 2.30 12 296 11 64 143 81 95
96.17 2.38 15 306 9 83 133 81 91
95.34 2.48 36 309 26 91 128 64 90
95.32 2.74 15 298 8 68 140 82 93
96.52 1.87 23 304 19 76 138 72 95
96.55 1.49 40 293 31 65 141 62 104
97.77 1.86 44 333 28 111 129 64 79
97.36 0.79 31 327 36 83 156 54 95
96.82 1.40 24 329 21 104 135 69 85
96.04 3.97 75 166 62 -3 257 87 -152
92.63 9.69 48 148 23 -138 18 74 -72
96.76 1.20 13 155 21 -70 314 70 -97
96.70 1.22 12 151 18 -56 295 75 -100
96.87 1.24 24 327 25 96 141 65 87
96.93 0.12 19 148 46 -53 281 55 -122
94.95 4.48 51 303 29 88 125 61 91
96.28 2.16 32 306 27 94 122 63 88
97.86 2.88 95 101 11 -129 320 82 -83
96.10 2.46 31 98 64 -178 8 88 -27
97.65 0.06 24 325 21 101 133 69 86
94.01 7.90 12 219 42 -41 341 64 -124
94.12 7.90 15 209 28 -51 346 69 -109
94.11 7.84 16 222 28 -20 330 81 -117
96.46 4.49 12 34 71 -18 130 73 -160
92.98 2.59 24 103 81 -173 12 83 -9
93.18 2.45 12 103 46 -178 12 89 -44
96.18 2.01 33 299 24 77 133 67 96
93.03 2.73 12 100 57 -173 6 84 -33
96.46 1.88 23 303 23 69 146 69 99
92.85 6.28 21 337 45 -85 149 45 -95
94.25 5.00 35 354 21 98 165 69 87
97.09 4.17 13 111 56 -171 17 83 -34
93.88 8.58 13 209 39 -59 351 57 -113
95.08 4.36 51 289 29 69 133 63 102
94.56 5.18 49 321 31 99 130 60 85
92.82 2.35 46 20 76 5 289 85 166
92.31 0.90 55 107 83 -177 17 87 -7
89.55 2.83 12 132 63 156 234 69 30
89.68 1.75 14 97 59 175 189 86 31
93.43 2.42 32 119 56 176 211 87 34
93.63 3.31 12 160 33 113 313 60 76
92.84 3.52 19 201 45 -63 346 51 -114
92.69 3.68 12 104 60 -173 10 84 -30
91.86 1.05 12 122 69 159 220 70 22
91.04 1.53 12 118 44 177 210 88 46
89.93 3.37 12 97 68 -170 3 81 -23
92.16 1.01 12 117 47 174 211 85 43
92.25 0.40 12 109 43 -176 16 87 -47
92.16 0.21 12 34 33 65 243 61 105
94.36 2.75 22 87 39 33 331 70 124
90.31 2.49 33 13 68 -13 108 78 -158
90.95 1.70 20 148 60 -169 52 80 -31
92.50 0.81 28 97 77 -170 5 80 -14
92.24 0.18 12 107 52 178 198 88 38
90.93 1.45 12 105 50 173 200 85 40
93.71 3.32 12 170 34 123 311 62 69
93.65 3.28 12 167 43 113 316 51 70
93.73 3.15 12 142 43 83 332 48 97
93.36 2.22 41 225 52 46 103 56 132
93.58 3.42 12 167 36 130 301 64 65
91.72 1.29 12 122 49 179 213 89 41
94.06 8.88 13 161 72 -163 66 74 -18
91.83 1.09 15 143 53 -174 50 85 -37
94.07 8.89 17 156 59 -167 59 79 -32
94.11 8.82 20 170 33 -132 37 66 -66
94.39 2.55 12 295 45 68 145 49 110
89.70 2.29 17 103 60 165 201 77 31
93.83 1.89 37 18 69 -14 113 77 -159
92.49 1.93 39 204 50 -4 297 87 -140
94.27 2.60 12 293 39 62 147 57 111
89.60 1.73 12 129 64 -174 36 85 -26
92.98 3.34 12 127 59 -174 34 85 -31
94.47 2.61 23 103 35 62 316 59 108
92.60 3.93 15 110 48 -178 18 89 -42
89.74 2.02 17 107 74 167 201 77 16
87.97 4.85 12 136 58 176 228 86 32
92.59 4.00 12 98 63 -169 3 80 -27
        
